 -0.30102999566398120       -1.4270516450494304     
 -0.60205999132796240       -2.0249253782027252     
 -0.90308998699194354       -2.6259524691142957     
  -1.2041199826559248       -3.2277550892118705     
  -1.5051499783199060       -3.8297507910953690     
  -1.8061799739838871       -4.4317947133984630     
  -2.1072099696478683       -5.0338506876794762     
  -2.4082399653118496       -5.6359096749119235     
  -2.7092699609758308       -6.2379694171791309     
  -3.0102999566398121       -6.8400293407276589     
  -3.3113299523037933       -7.4420893069178140     
  -3.6123599479677742       -8.0441489690846986     
  -3.9133899436317554       -8.6462098019458793     
