  0.50000000000000000      -0.79066714152109763      -0.86590594400573251       -1.8901160003869455       -2.7067481132049487     
  0.10000000149011612       -1.5195355467756240       -1.5346050028855993       -3.2877652169564358       -4.1028019803289117     
   5.0000000745058060E-002  -1.8243269741111319       -1.8318620408407142       -3.8898162644634455       -4.7048032951814829     
   9.9999997764825821E-003  -2.5263091670803592       -2.5278162020448831       -5.2877534451884793       -6.1027242513598923     
   4.9999998882412910E-003  -2.8277158637111577       -2.8284693815350290       -5.8898133454282027       -6.7047761902196568     
   1.0000000474974513E-003  -3.5269872262928921       -3.5271379298635250       -7.2877533401830741       -8.0940737932652329     
   5.0000002374872565E-004  -3.8280548971833697       -3.8281302487543862       -7.8898145698412963       -8.6194192609014628     
   9.9999997473787516E-005  -4.5270550746835569       -4.5270701284695978       -9.2882311225690568       -7.9879324956245146     
   4.9999998736893758E-005  -4.8280887824031424       -4.8280963407359128       -9.8884808598891460       -7.2289855475659719     
   9.9999997473787516E-006  -5.5270604420998817       -5.5270623608585892       -11.182855344804233       -5.7819109359882512     
   4.9999998736893758E-006  -5.8280894237169409       -5.8280950931863176       -11.013361665487865       -6.3244298836222175     
   9.9999999747524271E-007  -6.5270768734497526       -6.5271441585093770       -10.638007228458441       -4.1833645059335955     
   4.9999999873762135E-007  -6.8284047505218579       -6.8281678959642615       -10.392619474277115       -3.5767566339834773     
   1.0000000116860974E-007  -7.5229580212653548       -7.5147879695987543       -9.5454561800474380       -1.9454258809319751     
   5.0000000584304871E-008  -7.8079450485312494       -7.8019690149932961       -9.9673548862841077       -1.4877197502661350     
   9.9999999392252903E-009  -8.4284399563138717       -8.0529793143515338       -8.2013390009005036       -1.0863873775261033     
