 	h(i)		ff		ft		f3s		ff3s	
  0.50000000000000000       0.95098203384308611       0.65287601071909640       0.80192902228109120       0.59621204624797941     
  0.10000000149011612       0.81928179837334669       0.75984915059787139       0.78956547448560910       0.59432646889859930     
   5.0000000745058060E-002  0.80403552892048791       0.77432216447407098       0.78917884669727945       0.59426728007306628     
   9.9999997764825821E-003  0.79202636405627180       0.78608388082638514       0.78905512244132847       0.59424833627114693     
   4.9999998882412910E-003  0.79053687535980355       0.78756563670494617       0.78905125603237491       0.59424774425394244     
   1.0000000474974513E-003  0.78934714257275918       0.78875289498957157       0.78905001878116543       0.59424755496241166     
   5.0000002374872565E-004  0.78919854201141149       0.78890141822264281       0.78904998011702709       0.59424754931203838     
   9.9999997473787516E-005  0.78907968012109342       0.78902025536687548       0.78904996774398450       0.59424755719175659     
   4.9999998736893758E-005  0.78906482354807939       0.78903511116853331       0.78904996735830635       0.59424760593206771     
   9.9999997473787516E-006  0.78905293848151459       0.78904699598967265       0.78904996723559362       0.59424919921060870     
   4.9999998736893758E-006  0.78905145285874112       0.78904848161871277       0.78904996723872700       0.59424802068278770     
   9.9999999747524271E-007  0.78905026434303704       0.78904967016105110       0.78904996725204402       0.59418198743092243     
   4.9999999873762135E-007  0.78905011568417360       0.78904981869290014       0.78904996718853693       0.59398254844028664     
   1.0000000116860974E-007  0.78904999722355429       0.78904993666490053       0.78904996694422747       0.60558653029875442     
   5.0000000584304871E-008  0.78904998279065519       0.78904995145179169       0.78904996712122344       0.62677726126470978     
   9.9999999392252903E-009  0.78904996350030765       0.78904995837745229       0.78904996093888002       0.51228553272620170     
