 		h(i)				Integral Simpson				Diferença(It-I)				Log(h)				Log(Dif_Simp)		
  0.50000000000000000        1.3760416810420937        1.9829325052699667E-003 -0.30102999566398120       -2.7026920679871704     
  0.25000000000000000        1.3779038422843943        1.2077126296935092E-004 -0.60205999132796240       -3.9180363920273189     
  0.12500000000000000        1.3780171190232573        7.4945241063661960E-006 -0.90308998699194354       -5.1252559391387038     
   6.2500000000000000E-002   1.3780241459945708        4.6755279289878438E-007  -1.2041199826559248       -6.3301693444274880     
   3.1250000000000000E-002   1.3780245843387355        2.9208628131828854E-008  -1.5051499783199060       -7.5344888404508952     
   1.5625000000000000E-002   1.3780246117220341        1.8253297137671431E-009  -1.8061799739838871       -8.7386586764479119     
   7.8125000000000000E-003   1.3780246134332845        1.1407910380234476E-010  -2.1072099696478683       -9.9427938992666238     
   3.9062500000000000E-003   1.3780246135402339        7.1298828386440194E-012  -2.4082399653118496       -11.146917606606543     
   1.9531250000000000E-003   1.3780246135469196        4.4406752580661291E-013  -2.7092699609758308       -12.352550985166026     
   9.7656250000000000E-004   1.3780246135473342        2.9484010719005305E-014  -3.0102999566398121       -13.530413439583134     
   4.8828125000000000E-004   1.3780246135473613        2.4924723743269261E-015  -3.3113299523037933       -14.603369646554466     
   2.4414062500000000E-004   1.3780246135473575        6.1682429997045318E-015  -3.6123599479677742       -14.209838525464233     
   1.2207031250000000E-004   1.3780246135473613        2.5290099875396876E-015  -3.9133899436317554       -14.597049455541001     
