 	h(i)	log(h(i))	log(ff - f')		log(ft - f')		log(f3s - f')		log(ff3s - f'')	
  0.50000000000000000      -0.30102999566398120      -0.79066714152109763      -0.86590594400573251       -1.8901160003869437       -2.7067481132049487     
  0.10000000149011612      -0.99999999352850799       -1.5195355467756233       -1.5346050028856000       -3.2877652169564442       -4.1028019803331146     
   5.0000000745058060E-002  -1.3010299891924892       -1.8243269741111316       -1.8318620408406958       -3.8898162644644891       -4.7048032949090448     
   9.9999997764825821E-003  -2.0000000097072381       -2.5263091670803650       -2.5278162020443262       -5.2877534453502744       -6.1027240416620145     
   4.9999998882412910E-003  -2.3010300053712194       -2.8277158637111586       -2.8284693815382647       -5.8898133435841586       -6.7047810480375363     
   1.0000000474974513E-003  -2.9999999793721193       -3.5269872262928117       -3.5271379298067034       -7.2877535041375765       -8.0919825149018934     
   5.0000002374872565E-004  -3.3010299750361005       -3.8280548971834860       -3.8281302487147371       -7.8898147971402270       -8.6145460492608414     
   9.9999997473787516E-005  -4.0000000109712017       -4.5270550746832621       -4.5270701258465289       -9.2883068404341902       -7.9180727371679902     
   4.9999998736893758E-005  -4.3010300066351830       -4.8280887824041079       -4.8280963282174856       -9.8892008022667834       -7.1701350974592595     
   9.9999997473787516E-006  -5.0000000109712017       -5.5270604420939948       -5.5270624702041085       -11.158784233951078       -5.8020332035981621     
   4.9999998736893758E-006  -5.3010300066351830       -5.8280894237064667       -5.8280934799266948       -11.158784233951078       -5.8020332035981621     
   9.9999999747524271E-007  -6.0000000010964882       -6.5270768734904818       -6.5271304481591921       -10.736958473340625       -4.2504095280503007     
   4.9999999873762135E-007  -6.3010299967604695       -6.8284047504022825       -6.8278627300401133       -10.032932416941076       -4.2504095280503007     
   1.0000000116860974E-007  -6.9999999949247922       -7.5229580212174749       -7.5076903194553228       -9.2703424455423473       -1.7858159765135291     
   5.0000000584304871E-008  -7.3010299905887734       -7.8079450499291667       -7.8089790446971694       -10.732757910462789       -1.5610254332696480     
   9.9999999392252903E-009  -8.0000000026394122       -8.4284399529485103       -8.4284399529485103       -8.4284399529485103      -0.22603260239010853     
