 	h(i)		ff - f'		ft - f'		f3s - f'		ff3s - f''	
  0.50000000000000000       0.16193206661405612      -0.13617395650993358        1.2879055052061272E-002   1.9644993379838160E-003
  0.10000000149011612        3.0231831144316761E-002  -2.9200816631158547E-002   5.1550725657910715E-004   7.8921988602944596E-005
   5.0000000745058060E-002   1.4985561691457936E-002  -1.4727802754959624E-002   1.2887946824915569E-004   1.9733163083068719E-005
   9.9999997764825821E-003   2.9763968272417838E-003  -2.9660864026486429E-003   5.1552122965704741E-006   7.8936153247302155E-007
   4.9999998882412910E-003   1.4869081307735640E-003  -1.4843305240727508E-003   1.2888033504066562E-006   1.9734173946448375E-007
   1.0000000474974513E-003   2.9717534372924982E-004  -2.9707223949727483E-004   5.1552115987467308E-008   8.0912847478446619E-009
   5.0000002374872565E-004   1.4857478238146555E-004  -1.4854900640072819E-004   1.2887990368708538E-008   2.4291478601290613E-009
   9.9999997473787516E-005   2.9712892063458356E-005  -2.9711862333957144E-005   5.1486475060582779E-010   1.2076115631348000E-008
   4.9999998736893758E-005   1.4856319049372528E-005  -1.4856060924892892E-005   1.2906223979076634E-010   6.7587269667274217E-008
   9.9999997473787516E-006   2.9712524846473346E-006  -2.9712386092392963E-006   6.9377039920229255E-012   1.5774906594441746E-006
   4.9999998736893758E-006   1.4856297111756904E-006  -1.4856158357676522E-006   6.9377039920229255E-012   1.5774906594441746E-006
   9.9999999747524271E-007   2.9711400703613926E-007  -2.9707735724345506E-007   1.8324896342101354E-011  -5.6181130233850271E-005
   4.9999999873762135E-007   1.4845514366348001E-007  -1.4864053847626294E-007  -9.2697406391464843E-011  -5.6181130233850271E-005
   1.0000000116860974E-007   2.9994524312047539E-008  -3.1067741328768411E-008  -5.3660850833333121E-010   1.6375102362248883E-002
   5.0000000584304871E-008   1.5561625160568152E-008  -1.5524619165620084E-008   1.8502997474034028E-011   2.7477332349016965E-002
   9.9999999392252903E-009  -3.7287223597919257E-009  -3.7287223597919257E-009  -3.7287223597919257E-009 -0.59424754690999559     
