 -0.30102999566398120       -2.7026920679871704     
 -0.60205999132796240       -3.9180363920273189     
 -0.90308998699194354       -5.1252559391387038     
  -1.2041199826559248       -6.3301693444274880     
  -1.5051499783199060       -7.5344888404508952     
  -1.8061799739838871       -8.7386586764479119     
  -2.1072099696478683       -9.9427938992666238     
  -2.4082399653118496       -11.146917606606543     
  -2.7092699609758308       -12.352550985166026     
  -3.0102999566398121       -13.530413439583134     
  -3.3113299523037933       -14.603369646554466     
  -3.6123599479677742       -14.209838525464233     
  -3.9133899436317554       -14.597049455541001     
