 		h(i)				Integral Trapezio				Diferença(It-I)				Log(h)				Log(Dif_Trap)		
  0.50000000000000000        1.3406180032710560        3.7406610276307761E-002 -0.30102999566398120       -1.4270516450494304     
  0.25000000000000000        1.3685823825310599        9.4422310163038703E-003 -0.60205999132796240       -2.0249253782027252     
  0.12500000000000000        1.3756584349002081        2.3661786471555202E-003 -0.90308998699194354       -2.6259524691142957     
   6.2500000000000000E-002   1.3774327182209802        5.9189532638355413E-004  -1.2041199826559248       -3.2277550892118705     
   3.1250000000000000E-002   1.3778766178092965        1.4799573806715399E-004  -1.5051499783199060       -3.8297507910953690     
   1.5625000000000000E-002   1.3779876132438500        3.7000303513685245E-005  -1.8061799739838871       -4.4317947133984630     
   7.8125000000000000E-003   1.3780153633859256        9.2501614382487635E-006  -2.1072099696478683       -5.0338506876794762     
   3.9062500000000000E-003   1.3780223010016575        2.3125457061972179E-006  -2.4082399653118496       -5.6359096749119235     
   1.9531250000000000E-003   1.3780240354106057        5.7813675810114776E-007  -2.7092699609758308       -6.2379694171791309     
   9.7656250000000000E-004   1.3780244690131516        1.4453421208243840E-007  -3.0102999566398121       -6.8400293407276589     
   4.8828125000000000E-004   1.3780245774138087        3.6133555112089800E-008  -3.3113299523037933       -7.4420893069178140     
   2.4414062500000000E-004   1.3780246045139681        9.0333956246236441E-009  -3.6123599479677742       -8.0441489690846986     
   1.2207031250000000E-004   1.3780246112890191        2.2583445301533125E-009  -3.9133899436317554       -8.6462098019458793     
