  -18.184291941972866     
  -17.221966181442554     
  -22.276534412364711     
  -21.046899949835201     
  -20.159778379805029     
  -20.910361025763841     
  -19.713846493243643     
  -18.994397889266526     
  -18.722861876673001     
  -17.783105922692158     
  -19.715186038479327     
  -18.488617533183174     
  -17.616329553980410     
  -18.199254636368760     
  -17.016248745041334     
  -16.370504106671234     
  -15.899938389257549     
  -15.139805570089607     
  -15.014689450398949     
  -13.993016460536300     
  -14.818113519808023     
  -13.616946542853919     
  -12.872884311602402     
  -12.685899220690809     
  -11.695149428612828     
  -13.271122982283616     
  -12.047754805781510     
  -11.191089225395139     
  -11.627588485781624     
  -10.460958921151375     
  -9.9095212489396260     
  -9.2605392697641875     
  -8.7973819804225784     
  -8.0284748884094039     
  -7.9397343323010414     
  -6.9019708533520863     
  -7.4740104162562346     
  -6.2920580476079744     
  -5.6522083174544733     
  -5.1684276620415650     
  -4.4245153755210351     
  -4.2371737412258730     
  -3.2470013502269923     
  -4.8360118046300977     
  -3.6156994641974718     
  -2.7738909259014828     
  -3.0992376184744259     
  -1.9578761470626123     
  -1.5548514396368962     
 -0.78631156302321670     
