  -17.491144806405885     
  -19.046515038537375     
  -17.823411591114528     
  -16.968044754896198     
  -17.393472347936463     
  -16.228300078409823     
  -15.685544684417245     
  -15.023102063228070     
  -14.591889172016097     
  -13.787401926369011     
  -13.869525321777736     
  -12.772336142955801     
  -12.707288168734198     
  -11.659782815926020     
  -12.101760499952116     
  -10.934422458553618     
  -10.378781823330829     
  -9.7364671813545574     
  -9.2581631596580234     
  -8.5074201205394360     
  -8.3454519173403607     
  -7.3416192773220699     
  -8.5357841193615513     
  -7.3196538561940176     
  -6.4988638011598026     
  -6.6752001185985428     
  -5.5539851955485515     
  -5.3008144544763054     
  -4.3490458354967734     
  -7.0819917796618519     
  -5.8533222645001324     
  -4.9708537111624755     
  -5.6653257122614304     
  -4.4729246114615391     
  -3.7755144692788067     
  -3.4376612889599341     
  -2.5483327931234445     
  -3.3433066550925354     
  -2.1573350038943389     
  -1.4904766996332710     
  -1.1356731100900299     
 -0.42418073784981897     
 -0.93442989197488935     
  -2.8396088163724267     
  -2.0089249896265962     
  -2.2806281040157583     
  -1.1821100600843022     
  -1.0383620609141282     
 -0.30858684604039816     
  -1.3218507896889973     
