  -6.3984307813424124     
  -6.6732249642733166     
  -7.7626862423089715     
  -8.3275927111651420     
  -9.0966438973004369     
  -9.7551854869281858     
  -10.466410800346569     
  -11.150719567297854     
  -11.848335218434086     
  -12.539260588981866     
  -13.233521767015839     
  -13.926112723677806     
  -14.619538209612816     
  -15.312546285799579     
  -16.005763030727806     
  -16.698875432249466     
  -17.392040002182686     
  -18.085178489323408     
  -18.778330020382892     
  -19.471475021675253     
  -20.164623287880076     
  -20.857769885873761     
  -21.550917373654578     
  -22.244064527548193     
  -22.937211658000248     
  -23.630359244880683     
  -24.323506477036890     
  -25.016653631798704     
  -25.709804884502869     
  -26.402960193525029     
  -27.096107374084976     
  -27.789254554644920     
  -28.482401735204867     
  -29.175418868297303     
  -29.868306004648268     
  -30.560933299571339     
  -31.254080480131286     
  -31.949308826895056     
  -32.642456007455003     
  -33.335603188014943     
  -34.028750368574890     
  -34.721897549134837     
  -35.350506208557213     
  -36.043653389117154     
  -36.736800569677101     
  -37.429947750237048     
  -37.429947750237048     
  -37.429947750237048     
  -37.429947750237048     
                 -Infinity
