  -35.506326575807861     
  -34.408546778119629     
  -33.522368196082631     
  -34.268883125756993     
  -33.055355296950083     
  -32.334611145474589     
  -32.058955497063785     
  -31.114635664099730     
  -33.061130535662585     
  -31.846593713969870     
  -30.973791508824540     
  -31.561506384830164     
  -30.377280134593281     
  -29.729445673128492     
  -29.263281587301464     
  -28.498070229670645     
  -28.395573043780878     
  -27.363752055148030     
  -28.022032788262173     
  -26.832405805490918     
  -26.149904288270843     
  -25.770004132772552     
  -24.915135071752310     
  -25.336321374769248     
  -24.171722372501844     
  -23.632360080471930     
  -22.964766722147061     
  -22.546285216854052     
  -21.728565517716408     
  -21.886222844537979     
  -20.769370887342706     
  -20.548481336878314     
  -19.576845240469058     
  -22.225033513600533     
  -20.996125302701930     
  -20.112507949356377     
  -20.820404270393848     
  -19.626895903838477     
  -18.923555221799752     
  -18.602336234531212     
  -17.698342825957237     
  -18.690109344957595     
  -17.480788215940489     
  -16.694469327716813     
  -16.684194197737526     
  -15.616172202696767     
  -15.823270056147157     
  -14.695240011078790     
  -14.393134850260902     
  -13.474807529534466     
