  -6.3954307790924094     
  -6.6593158521810976     
  -7.7678820425447190     
  -8.3290639242238171     
  -9.1007247727942122     
  -9.7581868464998731     
  -10.470001959994711     
  -11.154029007524109     
  -11.851788723465464     
  -12.542642873732026     
  -13.236939863538169     
  -13.929512964859526     
  -14.622947391227797     
  -15.315951000408891     
  -16.009169979335137     
  -16.702281264650249     
  -17.395446393754685     
  -18.088584598280690     
  -18.781736263681765     
  -19.474881213731070     
  -20.168029513508753     
  -20.861176126533600     
  -21.554323638573081     
  -22.247470526047117     
  -22.940617662053032     
  -23.633764737574996     
  -24.326911970902835     
  -25.020057086547602     
  -25.713200204991779     
  -26.406347377586805     
  -27.099494558146752     
  -27.792641738706696     
  -28.485788919266643     
  -29.179066605536399     
  -29.872474848622300     
  -30.566144358784094     
  -31.258247152826133     
  -31.949308826895056     
  -32.642456007455003     
  -33.335603188014943     
  -34.028750368574890     
  -34.721897549134837     
  -35.484037601181733     
  -36.331335461568941     
  -36.736800569677101     
  -37.429947750237048     
                 -Infinity
                 -Infinity
                 -Infinity
                 -Infinity
