  -7.0870813267962927     
  -8.3755661089612641     
  -8.9083036779485472     
  -9.7007900192301690     
  -10.349875823676772     
  -11.066322918250794     
  -11.748151718676507     
  -12.447039073087154     
  -13.137336643031849     
  -13.831913718625382     
  -14.524347227710670     
  -15.217851562641483     
  -15.910820245543801     
  -16.604056695423854     
  -17.297159246769294     
  -17.990328741270226     
  -18.683464767284423     
  -19.376617523011273     
  -20.069761923157554     
  -20.762910515553692     
  -21.456057047937229     
  -22.149204466064045     
  -22.842351585709402     
  -23.535498565025627     
  -24.228645615634491     
  -24.921794709364836     
  -25.614941861046713     
  -26.308096441639620     
  -27.001228836627327     
  -27.694346446698617     
  -28.387552769110311     
  -29.080699949670258     
  -29.773610583806864     
  -30.466757764366807     
  -31.160851466530787     
  -31.853998647090730     
  -32.547145827650674     
  -33.240293008210621     
  -33.933440188770568     
  -34.657359027997266     
  -35.350506208557213     
  -36.043653389117154     
  -36.736800569677101     
  -37.429947750237048     
  -37.429947750237048     
  -37.429947750237048     
  -37.429947750237048     
  -37.429947750237048     
  -37.429947750237048     
                 -Infinity
