  -7.8753393052438412     
  -6.6461210655523280     
  -5.7610058367605097     
  -6.4869147374416611     
  -5.2921270929057957     
  -4.5819032147530088     
  -4.2815537537494297     
  -3.3622486790631694     
  -4.6542360716954168     
  -3.4382582640484847     
  -2.6179441156739456     
  -2.8002503006405153     
  -1.6902558433614869     
  -1.4993878998633177     
 -0.60661534439314635     
  -3.1489522713652036     
  -2.9092548242899823     
  -1.9540643278400656     
  -5.8311618499606013     
  -4.6448983060678604     
  -3.9810295661912587     
  -3.5537481979562386     
  -2.7462411307223591     
  -2.8514819444332287     
  -1.7578239473385902     
  -1.6998211798793763     
 -0.72758161485732753     
  -1.8794800818770117     
  -1.3576047483144842     
 -0.75230986026866931     
 -0.51773679725817801     
 -0.50077038770103710     
  -1.5818699219270456     
  -1.9237071693188543     
 -0.87202921456305449     
  -1.0573377369475190     
 -0.46250857590247735     
 -0.56148306769216150     
  -2.4795788105584169     
  -2.4208862504235937     
  -1.3887529337721585     
  -1.9391055037319136     
 -0.90782846379405835     
  -1.3197394090738055     
 -0.61382083207339710     
 -0.77309863680322755     
 -0.83384119594637307     
 -0.46994210547401205     
 -0.44774604142715230     
  -3.0163254942730351     
