  -12.899219826090116     
  -13.369233455379298     
  -14.213921443299290     
  -14.843750883136099     
  -15.571231573931682     
  -16.247924253078594     
  -16.949470733085722     
  -17.638461989265970     
  -18.333697975669036     
  -19.025803481017800     
  -19.719472182582830     
  -20.412358761602448     
  -21.105636295060496     
  -21.798718319830712     
  -22.491898149821591     
  -23.185029002910813     
  -23.878184346378241     
  -24.571327119392105     
  -25.264480407211746     
  -25.957624536679756     
  -26.650783657232552     
  -27.343930085182262     
  -28.037035934071575     
  -28.730099724236734     
  -29.423247230209096     
  -30.116727363146744     
  -30.809874543706691     
  -31.503021724266635     
  -32.193505787407098     
  -32.886652967967045     
  -33.579800148526985     
  -34.294453534307898     
  -35.032052477438675     
  -35.820509837802945     
  -36.331335461568941     
  -37.429947750237048     
  -37.429947750237048     
  -37.429947750237048     
                 -Infinity
                 -Infinity
                 -Infinity
                 -Infinity
                 -Infinity
                 -Infinity
                 -Infinity
                 -Infinity
                 -Infinity
                 -Infinity
                 -Infinity
                 -Infinity
