  -4.3392226056823162     
  -3.3960171682105078     
  -5.5084424821306701     
  -4.2833207594157061     
  -3.4180275073177295     
  -3.9344620085386897     
  -2.7606645675279000     
  -2.1657082465146518     
  -1.6073966456469448     
  -1.0208308669730852     
 -0.60609592340247431     
 -0.31589219231624638     
  -1.2878374902823249     
  -2.0011253896014636     
 -0.98935157841100207     
  -1.6935609488932206     
 -0.86083372255075563     
  -1.4921636959205569     
 -0.80511199381229215     
 -0.72899096576247935     
 -0.39615847696211948     
 -0.66145968686151080     
  -2.6042651794886185     
  -2.2077480419231064     
  -1.3855646803978556     
  -1.6814729459116999     
 -0.69140016151020423     
  -1.4855848810755066     
  -1.0757605997530058     
 -0.42595310234734995     
 -0.71855306086892889     
  -3.5081859789677936     
  -2.9760668263080201     
  -2.3009777216387017     
  -1.9142406121950126     
  -1.0971400848533173     
  -1.4533328628138587     
 -0.59036871109452727     
  -2.1205111029778316     
  -1.9552969282736818     
 -0.99200756861820116     
  -2.8397261413428629     
  -1.9581443293611738     
  -2.6922944245001146     
  -1.5413881727268612     
  -1.0656170172544133     
 -0.48103336531890761     
 -0.52875673817741187     
  -2.1050620037904975     
  -2.2204826312230015     
