  -7.0930813447963894     
  -8.3665655081753272     
  -8.9012766819625870     
  -9.6922649999733661     
  -10.341939441691002     
  -11.058057775140318     
  -11.740041769115802     
  -12.438849308842919     
  -13.129186222285648     
  -13.823743486414118     
  -14.516186866140480     
  -15.209686256860635     
  -15.902657409911537     
  -16.595892623108281     
  -17.288995791553212     
  -17.982164982071463     
  -18.675301160976289     
  -19.368453847458792     
  -20.061598274966258     
  -20.754746832051495     
  -21.447893267104060     
  -22.141040906179512     
  -22.834187800307102     
  -23.527335238656164     
  -24.220482290321542     
  -24.913629535328766     
  -25.606776680084668     
  -26.299923874966233     
  -26.993071055526176     
  -27.686218236086123     
  -28.379306757018540     
  -29.072453937578484     
  -29.765601118138431     
  -30.458279145511256     
  -31.151426326071203     
  -31.842699091836796     
  -32.532107950286132     
  -33.225255130846080     
  -33.903587225620882     
  -34.596734406180829     
  -35.350506208557213     
  -36.043653389117154     
  -36.736800569677101     
  -37.429947750237048     
                 -Infinity
                 -Infinity
                 -Infinity
                 -Infinity
                 -Infinity
                 -Infinity
