  -4.3992406154085684     
  -3.4192365360923556     
  -5.4534566356758205     
  -4.2285906154715676     
  -3.3645395989252429     
  -3.8695694736863415     
  -2.6973137033262002     
  -2.1110655578677178     
  -1.5388484965164826     
 -0.98279911952224053     
 -0.53360912251409354     
 -0.36735867669380634     
  -1.7971692157437478     
  -4.4330850697958875     
  -3.2640032710538489     
  -2.6974892875842951     
  -2.0785685612760409     
  -1.5698582184040650     
 -0.91547013987025116     
 -0.68706906039533078     
 -0.29950026146137532     
 -0.97780086063401916     
  -1.3706217837564301     
 -0.59561548862730829     
  -1.1087492192305279     
  -1.0627690686057838     
 -0.32765614283769823     
  -1.2872481992832094     
  -2.1971493873133694     
  -1.1715152052688087     
  -1.7548592835367776     
 -0.81059523768634856     
  -3.1058785353409744     
  -2.4188511364659817     
  -2.0612825008896318     
  -1.2108982271832140     
  -1.7837108583440144     
 -0.82048855229148665     
  -2.3513949288337814     
  -1.6595333201867910     
  -1.3523054691303520     
 -0.54832926159409578     
  -1.3676762141434220     
  -1.4603290459208915     
 -0.52966008899342254     
  -2.2153663301711366     
  -2.3210408855832942     
  -1.2462792153644793     
  -1.3081894839068211     
 -0.44060575524119266     
