  -18.184292001962056     
  -17.221966197257540     
  -22.276494929556176     
  -21.046860591754239     
  -20.159739023376908     
  -20.910321690315858     
  -19.713807139830021     
  -18.994358552922105     
  -18.722822513987371     
  -17.783066595201486     
  -19.715145722865699     
  -18.488577188011192     
  -17.616289236802103     
  -18.199214016602745     
  -17.016208159881465     
  -16.370463683896531     
  -15.899897596476622     
  -15.139765218508623     
  -15.014647315176280     
  -13.992975149925364     
  -14.818086732711135     
  -13.616918916868316     
  -12.872852280948472     
  -12.685883370658722     
  -11.695124846426324     
  -13.270792168361170     
  -12.047427846779215     
  -11.190781171113068     
  -11.627118180942688     
  -10.460509725039577     
  -9.9091974579561555     
  -9.2600180814146533     
  -8.7973158616861689     
  -8.0278765072465781     
  -7.9414067291094872     
  -6.9026852517607091     
  -7.4612761044163385     
  -6.2806561523892688     
  -5.6482955713187897     
  -5.1481736901734205     
  -4.4252550598229279     
  -4.1651597541086387     
  -3.2182268595298313     
  -5.5641825112994532     
  -4.3392758302576597     
  -3.4750373722587340     
  -3.9813124556911976     
  -2.8083866089701273     
  -2.2186044317592852     
  -1.6491700720063467     
