 	theta_inicial		periodo	
   0.0000000000000000        1.9869176531592203     
   1.0000000000000000        1.9869554819274673     
   2.0000000000000000        1.9870689761551110     
   3.0000000000000004        1.9872581596156886     
   4.0000000000000000        1.9875230719475219     
   5.0000000000000000        1.9878637686775724     
   6.0000000000000000        1.9882803212546614     
   7.0000000000000000        1.9887728170924186     
   8.0000000000000000        1.9893413596217782     
   9.0000000000000000        1.9899860683532256     
   10.000000000000000        1.9907070789488728     
   11.000000000000000        1.9915045433043046     
   12.000000000000000        1.9923786296404902     
   13.000000000000000        1.9933295226057848     
   14.000000000000000        1.9943574233881609     
   14.999999999999998        1.9954625498377867     
   16.000000000000000        1.9966451366001865     
   17.000000000000000        1.9979054352600536     
   18.000000000000004        1.9992437144960415     
   19.000000000000004        2.0006602602465637     
   20.000000000000007        2.0021553758869746     
   21.000000000000007        2.0037293824182374     
   22.000000000000007        2.0053826186674928     
   23.000000000000011        2.0071154415005683     
   24.000000000000011        2.0089282260469910     
   25.000000000000014        2.0108213659375163     
   26.000000000000014        2.0127952735547594     
   27.000000000000014        2.0148503802970881     
   28.000000000000018        2.0169871368561836     
   29.000000000000014        2.0192060135087999     
   30.000000000000018        2.0215075004229064     
   31.000000000000018        2.0238921079787295     
   32.000000000000021        2.0263603671053403     
   33.000000000000021        2.0289128296328847     
   34.000000000000021        2.0315500686613905     
   35.000000000000021        2.0342726789463268     
   36.000000000000028        2.0370812773017755     
   37.000000000000028        2.0399765030215939     
   38.000000000000028        2.0429590183193795     
   39.000000000000028        2.0460295087877731     
   40.000000000000028        2.0491886838778650     
   41.000000000000036        2.0524372773994437     
   42.000000000000036        2.0557760480429290     
   43.000000000000036        2.0592057799236043     
   44.000000000000036        2.0627272831494077     
   45.000000000000036        2.0663413944127371     
   46.000000000000043        2.0700489776077156     
   47.000000000000043        2.0738509244734398     
   48.000000000000043        2.0777481552648043     
   49.000000000000043        2.0817416194516487     
   50.000000000000043        2.0858322964476477     
   51.000000000000050        2.0900211963701443     
   52.000000000000050        2.0943093608322587     
   53.000000000000050        2.0986978637687539     
   54.000000000000050        2.1031878122970862     
   55.000000000000050        2.1077803476152961     
   56.000000000000057        2.1124766459383655     
   57.000000000000057        2.1172779194748221     
   58.000000000000057        2.1221854174454990     
   59.000000000000057        2.1272004271464162     
   60.000000000000057        2.1323242750579157     
   61.000000000000064        2.1375583280021750     
   62.000000000000064        2.1429039943515980     
   63.000000000000064        2.1483627252905535     
   64.000000000000071        2.1539360161329641     
   65.000000000000071        2.1596254076988668     
   66.000000000000071        2.1654324877525539     
   67.000000000000071        2.1713588925057921     
   68.000000000000071        2.1774063081893753     
   69.000000000000071        2.1835764726964948     
   70.000000000000071        2.1898711773018515     
   71.000000000000071        2.1962922684605606     
   72.000000000000071        2.2028416496912469     
   73.000000000000071        2.2095212835475802     
   74.000000000000085        2.2163331936836297     
   75.000000000000085        2.2232794670178992     
   76.000000000000085        2.2303622560018397     
   77.000000000000085        2.2375837809985901     
   78.000000000000085        2.2449463327785182     
   79.000000000000085        2.2524522751381899     
   80.000000000000085        2.2601040476501151     
   81.000000000000085        2.2679041685510142     
   82.000000000000085        2.2758552377769465     
   83.000000000000085        2.2839599401542841     
   84.000000000000099        2.2922210487558945     
   85.000000000000099        2.3006414284331664     
   86.000000000000099        2.3092240395344437     
   87.000000000000099        2.3179719418222335     
   88.000000000000099        2.3268882986014594     
   89.000000000000099        2.3359763810727587     
