 	theta_inicial		periodo	
   0.0000000000000000        1.9869176531592201     
   1.0000000000000000        1.9869554819274622     
   2.0000000000000000        1.9870689761551177     
   3.0000000000000004        1.9872581596156884     
   4.0000000000000000        1.9875230719475245     
   5.0000000000000000        1.9878637686775760     
   6.0000000000000000        1.9882803212546629     
   7.0000000000000000        1.9887728170924102     
   8.0000000000000000        1.9893413596217617     
   9.0000000000000000        1.9899860683532311     
   10.000000000000000        1.9907070789488688     
   11.000000000000000        1.9915045433043113     
   12.000000000000000        1.9923786296404886     
   13.000000000000000        1.9933295226057934     
   14.000000000000000        1.9943574233881567     
   14.999999999999998        1.9954625498377843     
   16.000000000000000        1.9966451366001825     
   17.000000000000000        1.9979054352600492     
   18.000000000000004        1.9992437144960369     
   19.000000000000004        2.0006602602465735     
   20.000000000000007        2.0021553758869759     
   21.000000000000007        2.0037293824182347     
   22.000000000000007        2.0053826186674875     
   23.000000000000011        2.0071154415005639     
   24.000000000000011        2.0089282260469927     
   25.000000000000014        2.0108213659375234     
   26.000000000000014        2.0127952735547625     
   27.000000000000014        2.0148503802970845     
   28.000000000000018        2.0169871368561969     
   29.000000000000014        2.0192060135088066     
   30.000000000000018        2.0215075004229028     
   31.000000000000018        2.0238921079787366     
   32.000000000000021        2.0263603671053461     
   33.000000000000021        2.0289128296328824     
   34.000000000000021        2.0315500686613990     
   35.000000000000021        2.0342726789463272     
   36.000000000000028        2.0370812773017679     
   37.000000000000028        2.0399765030215922     
   38.000000000000028        2.0429590183193813     
   39.000000000000028        2.0460295087877824     
   40.000000000000028        2.0491886838778570     
   41.000000000000036        2.0524372773994446     
   42.000000000000036        2.0557760480429210     
   43.000000000000036        2.0592057799236043     
   44.000000000000036        2.0627272831493983     
   45.000000000000036        2.0663413944127460     
   46.000000000000043        2.0700489776077156     
   47.000000000000043        2.0738509244734420     
   48.000000000000043        2.0777481552648021     
   49.000000000000043        2.0817416194516496     
   50.000000000000043        2.0858322964476592     
   51.000000000000050        2.0900211963701443     
   52.000000000000050        2.0943093608322592     
   53.000000000000050        2.0986978637687494     
   54.000000000000050        2.1031878122970848     
   55.000000000000050        2.1077803476153054     
   56.000000000000057        2.1124766459383650     
   57.000000000000057        2.1172779194748164     
   58.000000000000057        2.1221854174454911     
   59.000000000000057        2.1272004271464193     
   60.000000000000057        2.1323242750579192     
   61.000000000000064        2.1375583280021706     
   62.000000000000064        2.1429039943516002     
   63.000000000000064        2.1483627252905526     
   64.000000000000071        2.1539360161329757     
   65.000000000000071        2.1596254076988681     
   66.000000000000071        2.1654324877525442     
   67.000000000000071        2.1713588925057863     
   68.000000000000071        2.1774063081893789     
   69.000000000000071        2.1835764726964983     
   70.000000000000071        2.1898711773018409     
   71.000000000000071        2.1962922684605588     
   72.000000000000071        2.2028416496912611     
   73.000000000000071        2.2095212835475797     
   74.000000000000085        2.2163331936836230     
   75.000000000000085        2.2232794670179028     
   76.000000000000085        2.2303622560018446     
   77.000000000000085        2.2375837809985937     
   78.000000000000085        2.2449463327785146     
   79.000000000000085        2.2524522751381850     
   80.000000000000085        2.2601040476501195     
   81.000000000000085        2.2679041685510173     
   82.000000000000085        2.2758552377769421     
   83.000000000000085        2.2839599401542814     
   84.000000000000099        2.2922210487558936     
   85.000000000000099        2.3006414284331589     
   86.000000000000099        2.3092240395344463     
   87.000000000000099        2.3179719418222353     
   88.000000000000099        2.3268882986014572     
   89.000000000000099        2.3359763810727578     
