 	posicao_x_velha		theta_temp		ang graus		tempo_temp
   13.998039687212747        0.0000000000000000        0.0000000000000000        1.9999999552965164E-002
   1678.3554952528480        1.7453292519943295E-002   1.0000000000000000        2.4799999445676804     
   3206.7698880674029        3.4906585039886591E-002   2.0000000000000000        4.8899998906999826     
   4615.8897145997980        5.2359877559829890E-002   3.0000000000000004        7.2499998379498720     
   5919.4372782789114        6.9813170079773182E-002   4.0000000000000000        9.5599997863173485     
   7128.8312862857583        8.7266462599716474E-002   5.0000000000000000        11.819999735802412     
   8258.6682724241691       0.10471975511965977        6.0000000000000000        14.039999686181545     
   9316.4142291639164       0.12217304763960306        7.0000000000000000        16.219999637454748     
   10308.454062703086       0.13962634015954636        8.0000000000000000        18.359999589622021     
   11240.277646046668       0.15707963267948966        9.0000000000000000        20.459999542683363     
   12116.628124846808       0.17453292519943295        10.000000000000000        22.519999496638775     
   12945.753749151150       0.19198621771937624        11.000000000000000        24.549999451264739     
   13730.839525661557       0.20943951023931953        12.000000000000000        26.549999406561255     
   14474.681100649326       0.22689280275926282        13.000000000000000        28.519999362528324     
   15179.738393398633       0.24434609527920612        14.000000000000000        30.459999319165945     
   15848.180459594701       0.26179938779914941        14.999999999999998        32.369999276474118     
   16485.475787494070       0.27925268031909273        16.000000000000000        34.259999234229326     
   17089.579589125933       0.29670597283903605        17.000000000000000        36.119999192655087     
   17662.009868311372       0.31415926535897937        18.000000000000004        37.949999151751399     
   18207.399322520203       0.33161255787892269        19.000000000000004        39.759999111294746     
   18726.704850583559       0.34906585039886601        20.000000000000007        41.549999071285129     
   19217.637356604653       0.36651914291880933        21.000000000000007        43.309999031946063     
   19684.219230294151       0.38397243543875265        22.000000000000007        45.049998993054032     
   20127.096332400113       0.40142572795869597        23.000000000000011        46.769998954609036     
   20546.833957254206       0.41887902047863929        24.000000000000011        48.469998916611075     
   20943.924147924918       0.43633231299858261        25.000000000000014        50.149998879060149     
   21318.792141120517       0.45378560551852593        26.000000000000014        51.809998841956258     
   21671.802064604217       0.47123889803846924        27.000000000000014        53.449998805299401     
   22003.261993068008       0.48869219055841256        28.000000000000018        55.069998769089580     
   22316.078351126896       0.50614548307835583        29.000000000000014        56.679998733103275     
   22605.109845179151       0.52359877559829915        30.000000000000018        58.259998697787523     
   22875.773880698074       0.54105206811824247        31.000000000000018        59.829998662695289     
   23123.047260215644       0.55850536063818579        32.000000000000021        61.369998628273606     
   23352.072390723555       0.57595865315812911        33.000000000000021        62.899998594075441     
   23562.766501034097       0.59341194567807243        34.000000000000021        64.419998560100794     
   23750.286499599719       0.61086523819801575        35.000000000000021        65.909998526796699     
   23917.081762341553       0.62831853071795907        36.000000000000028        67.379998493939638     
   24065.400616984007       0.64577182323790239        37.000000000000028        68.839998461306095     
   24192.817794486597       0.66322511575784571        38.000000000000028        70.279998429119587     
   24299.251829409463       0.68067840827778903        39.000000000000028        71.699998397380114     
   24386.761578575573       0.69813170079773235        40.000000000000028        73.109998365864158     
   24450.861173130506       0.71558499331767567        41.000000000000036        74.489998335018754     
   24495.696278655265       0.73303828583761899        42.000000000000036        75.859998304396868     
   24518.950220952011       0.75049157835756231        43.000000000000036        77.209998274222016     
   24518.445450604344       0.76794487087750563        44.000000000000036        78.529998244717717     
   24498.057331787641       0.78539816339744895        45.000000000000036        79.839998215436935     
   24455.549476753615       0.80285145591739226        46.000000000000043        81.129998186603189     
   24390.724771846249       0.82030474843733558        47.000000000000043        82.399998158216476     
   24303.380848998455       0.83775804095727890        48.000000000000043        83.649998130276799     
   24193.312322855567       0.85521133347722222        49.000000000000043        84.879998102784157     
   24058.523800068619       0.87266462599716554        50.000000000000043        86.079998075962067     
   23902.425700648480       0.89011791851710886        51.000000000000050        87.269998049363494     
   23721.275198556101       0.90757121103705218        52.000000000000050        88.429998023435473     
   23518.348029405341       0.92502450355699550        53.000000000000050        89.579997997730970     
   23288.418578163710       0.94247779607693882        54.000000000000050        90.689997972920537     
   23036.354293231921       0.95993108859688214        55.000000000000050        91.789997948333621     
   22758.745453546257       0.97738438111682546        56.000000000000057        92.859997924417257     
   22457.093697021217       0.99483767363676878        57.000000000000057        93.909997900947928     
   22129.780638977489        1.0122909661567121        58.000000000000057        94.929997878149152     
   21778.275997624565        1.0297442586766554        59.000000000000057        95.929997855797410     
   21401.084200081328        1.0471975511965987        60.000000000000057        96.899997834116220     
   20999.652270618142        1.0646508437165421        61.000000000000064        97.849997812882066     
   20572.619162031078        1.0821041362364854        62.000000000000064        98.769997792318463     
   20121.417481651406        1.0995574287564287        63.000000000000064        99.669997772201896     
   19643.570290446823        1.1170107212763720        64.000000000000071        100.52999775297940     
   19141.846327264240        1.1344640137963153        65.000000000000071        101.36999773420393     
   18615.188913816957        1.1519173063162587        66.000000000000071        102.17999771609902     
   18063.886379095387        1.1693705988362020        67.000000000000071        102.95999769866467     
   17488.271962093437        1.1868238913561453        68.000000000000071        103.70999768190086     
   16888.725556289370        1.2042771838760886        69.000000000000071        104.42999766580760     
   16266.684360260173        1.2217304763960319        70.000000000000071        105.12999765016139     
   15620.563574712660        1.2391837689159753        71.000000000000071        105.78999763540924     
   14951.944522150543        1.2566370614359186        72.000000000000071        106.41999762132764     
   14260.533797431346        1.2740903539558619        73.000000000000071        107.00999760814011     
   13548.758916575611        1.2915436464758052        74.000000000000085        107.57999759539962     
   12815.606849901389        1.3089969389957485        75.000000000000085        108.10999758355319     
   12063.427290738651        1.3264502315156919        76.000000000000085        108.61999757215381     
   11290.821141817980        1.3439035240356352        77.000000000000085        109.07999756187201     
   10500.839462778766        1.3613568165555785        78.000000000000085        109.51999755203724     
   9693.0747903920947        1.3788101090755218        79.000000000000085        109.91999754309654     
   8869.1795372481374        1.3962634015954651        80.000000000000085        110.28999753482640     
   8029.6966331418444        1.4137166941154085        81.000000000000085        110.61999752745032     
   7176.2972563302028        1.4311699866353518        82.000000000000085        110.91999752074480     
   6310.1277322313354        1.4486232791552951        83.000000000000085        111.18999751470983     
   5432.0705226904884        1.4660765716752384        84.000000000000099        111.41999750956893     
   4543.5594405758329        1.4835298641951817        85.000000000000099        111.60999750532210     
   3646.3194039272244        1.5009831567151251        86.000000000000099        111.76999750174582     
   2741.6085179545453        1.5184364492350684        87.000000000000099        111.88999749906361     
   1831.2109106002895        1.5358897417550117        88.000000000000099        111.97999749705195     
   916.74741575085363        1.5533430342749550        89.000000000000099        112.03999749571085     
