   0.0000000000000000        998.68997767753899        503.00000000000000        1.9880914068549398     
   1.0000000000000000        999.12997766770422        503.00000000000000        1.9880914068549398     
   2.0000000000000000        999.18997766636312        503.00000000000000        1.9880914068549398     
   3.0000000000000004        999.27997766435146        503.00000000000000        1.9880914068549398     
   4.0000000000000000        999.41997766122222        503.00000000000000        1.9880914068549398     
   5.0000000000000000        999.59997765719891        503.00000000000000        1.9880914068549398     
   6.0000000000000000        999.80997765250504        503.00000000000000        1.9880914068549398     
   7.0000000000000000        998.07997769117355        502.00000000000000        1.9920517483028579     
   8.0000000000000000        998.36997768469155        502.00000000000000        1.9920517483028579     
   9.0000000000000000        998.69997767731547        502.00000000000000        1.9920517483028579     
   10.000000000000000        999.06997766904533        502.00000000000000        1.9920517483028579     
   11.000000000000000        999.47997765988111        502.00000000000000        1.9920517483028579     
   12.000000000000000        999.92997764982283        502.00000000000000        1.9920517483028579     
   13.000000000000000        998.41997768357396        501.00000000000000        1.9960278994970753     
   14.000000000000000        998.94997767172754        501.00000000000000        1.9960278994970753     
   14.999999999999998        999.51997765898705        501.00000000000000        1.9960278994970753     
   16.000000000000000        998.11997769027948        500.00000000000000        2.0000199552960694     
   17.000000000000000        998.75997767597437        500.00000000000000        2.0000199552960694     
   18.000000000000004        999.44997766055167        500.00000000000000        2.0000199552960694     
   19.000000000000004        998.16997768916190        499.00000000000000        2.0040280113187068     
   20.000000000000007        998.92997767217457        499.00000000000000        2.0040280113187068     
   21.000000000000007        999.74997765384614        499.00000000000000        2.0040280113187068     
   22.000000000000007        998.56997768022120        498.00000000000000        2.0080521639518767     
   23.000000000000011        999.45997766032815        498.00000000000000        2.0080521639518767     
   24.000000000000011        998.36997768469155        497.00000000000000        2.0120925103582188     
   25.000000000000014        999.32997766323388        497.00000000000000        2.0120925103582188     
   26.000000000000014        998.31997768580914        496.00000000000000        2.0161491484839411     
   27.000000000000014        999.35997766256332        496.00000000000000        2.0161491484839411     
   28.000000000000018        998.42997768335044        495.00000000000000        2.0202221770667368     
   29.000000000000014        999.54997765831649        495.00000000000000        2.0202221770667368     
   30.000000000000018        998.67997767776251        494.00000000000000        2.0243116956437950     
   31.000000000000018        999.89997765049338        494.00000000000000        2.0243116956437950     
   32.000000000000021        999.08997766859829        492.00000000000000        2.0325406049756802     
   33.000000000000021        998.37997768446803        492.00000000000000        2.0325406049756802     
   34.000000000000021        999.68997765518725        492.00000000000000        2.0325406049756802     
   35.000000000000021        998.99997767060995        491.00000000000000        2.0366801988758345     
   36.000000000000028        998.40997768379748        490.00000000000000        2.0408366890776217     
   37.000000000000028        999.83997765183449        490.00000000000000        2.0408366890776217     
   38.000000000000028        999.25997766479850        488.00000000000000        2.0492007738689235     
   39.000000000000028        998.77997767552733        488.00000000000000        2.0492007738689235     
   40.000000000000028        998.31997768580914        487.00000000000000        2.0534085783327201     
   41.000000000000036        999.89997765049338        487.00000000000000        2.0534085783327201     
   42.000000000000036        999.46997766010463        485.00000000000000        2.0618762425732675     
   43.000000000000036        999.13997766748071        485.00000000000000        2.0618762425732675     
   44.000000000000036        998.84997767396271        484.00000000000000        2.0661363174546170     
   45.000000000000036        998.56997768022120        483.00000000000000        2.0704140323975873     
   46.000000000000043        998.30997768603265        482.00000000000000        2.0747094971950926     
   47.000000000000043        998.06997769139707        481.00000000000000        2.0790228225530867     
   48.000000000000043        999.95997764915228        481.00000000000000        2.0790228225530867     
   49.000000000000043        999.82997765205801        480.00000000000000        2.0833541201000725     
   50.000000000000043        999.73997765406966        478.00000000000000        2.0920710829456794     
   51.000000000000050        999.68997765518725        478.00000000000000        2.0920710829456794     
   52.000000000000050        999.68997765518725        477.00000000000000        2.0964569762013308     
   53.000000000000050        999.71997765451670        476.00000000000000        2.1008612975799048     
   54.000000000000050        999.78997765295208        475.00000000000000        2.1052841634695465     
   55.000000000000050        999.88997765071690        474.00000000000000        2.1097256912405795     
   56.000000000000057        997.91997769474983        472.00000000000000        2.1186652068814293     
   57.000000000000057        998.10997769050300        471.00000000000000        2.1231634344968890     
   58.000000000000057        998.34997768513858        470.00000000000000        2.1276808035064567     
   59.000000000000057        998.65997767820954        469.00000000000000        2.1322174363497544     
   60.000000000000057        999.02997766993940        468.00000000000000        2.1367734565128949     
   61.000000000000064        999.38997766189277        467.00000000000000        2.1413489885396890     
   62.000000000000064        999.72997765429318        466.00000000000000        2.1459441580429930     
   63.000000000000064        997.94997769407928        464.00000000000000        2.1551939173449024     
   64.000000000000071        998.41997768357396        463.00000000000000        2.1598487638186494     
   65.000000000000071        999.01997767016292        462.00000000000000        2.1645237611429322     
   66.000000000000071        999.62997765652835        461.00000000000000        2.1692190404512681     
   67.000000000000071        997.93997769430280        459.00000000000000        2.1786709752680493     
   68.000000000000071        998.55997768044472        458.00000000000000        2.1834278987948355     
   69.000000000000071        999.37997766211629        457.00000000000000        2.1882056403676908     
   70.000000000000071        997.85997769609094        455.00000000000000        2.1978241266989773     
   71.000000000000071        998.55997768044472        453.00000000000000        2.2075275444768976     
   72.000000000000071        999.51997765898705        453.00000000000000        2.2075275444768976     
   73.000000000000071        998.05997769162059        451.00000000000000        2.2173170236098332     
   74.000000000000085        998.94997767172754        450.00000000000000        2.2222443947734103     
   75.000000000000085        997.81997769698501        448.00000000000000        2.2321651286786488     
   76.000000000000085        998.63997767865658        447.00000000000000        2.2371587866846414     
   77.000000000000085        999.85997765138745        446.00000000000000        2.2421748377758624     
   78.000000000000085        998.50997768156230        443.00000000000000        2.2573588660226518     
   79.000000000000085        999.81997765228152        443.00000000000000        2.2573588660226518     
   80.000000000000085        998.55997768044472        441.00000000000000        2.2675963211973578     
   81.000000000000085        999.97997764870524        440.00000000000000        2.2727499492000787     
   82.000000000000085        998.77997767552733        437.00000000000000        2.2883523515973332     
   83.000000000000085        998.01997769251466        436.00000000000000        2.2936008661652170     
   84.000000000000099        999.20997766591609        435.00000000000000        2.2988735118345627     
   85.000000000000099        998.45997768267989        433.00000000000000        2.3094918652379555     
   86.000000000000099        999.94997764937580        432.00000000000000        2.3148379112223023     
   87.000000000000099        998.94997767172754        429.00000000000000        2.3310255889231577     
   88.000000000000099        998.39997768402100        428.00000000000000        2.3364719103926044     
   89.000000000000099        999.99997764825821        427.00000000000000        2.3419437415644841     
