 	posicao_x_velha		theta_temp		ang graus		tempo_temp
   13.998039687212747        0.0000000000000000        0.0000000000000000        1.9999999552965164E-002
   1678.3407156832843        1.7453292519943295E-002   1.0000000000000000        2.4799999445676804     
   3206.5634472802658        3.4906585039886591E-002   2.0000000000000000        4.8899998906999826     
   4614.9668500614453        5.2359877559829890E-002   3.0000000000000004        7.2499998379498720     
   5916.8442695707081        6.9813170079773182E-002   4.0000000000000000        9.5599997863173485     
   7123.1729339532985        8.7266462599716474E-002   5.0000000000000000        11.819999735802412     
   8243.1179565799412       0.10471975511965977        6.0000000000000000        14.029999686405063     
   9293.9790980828930       0.12217304763960306        7.0000000000000000        16.209999637678266     
   10271.973045734141       0.13962634015954636        8.0000000000000000        18.339999590069056     
   11191.659321500902       0.15707963267948966        9.0000000000000000        20.439999543130398     
   12048.519302691326       0.17453292519943295        10.000000000000000        22.489999497309327     
   12859.211236496838       0.19198621771937624        11.000000000000000        24.519999451935291     
   13614.453781281414       0.20943951023931953        12.000000000000000        26.499999407678843     
   14329.161218701171       0.22689280275926282        13.000000000000000        28.459999363869429     
   14997.900838934038       0.24434609527920612        14.000000000000000        30.379999320954084     
   15626.695038735834       0.26179938779914941        14.999999999999998        32.269999278709292     
   16217.403318421606       0.27925268031909273        16.000000000000000        34.129999237135053     
   16771.699033338609       0.29670597283903605        17.000000000000000        35.959999196231365     
   17291.093468883024       0.31415926535897937        18.000000000000004        37.759999155998230     
   17776.956271783369       0.33161255787892269        19.000000000000004        39.529999116435647     
   18233.623962030721       0.34906585039886601        20.000000000000007        41.279999077320099     
   18658.975004157550       0.36651914291880933        21.000000000000007        42.999999038875103     
   19054.060505759251       0.38397243543875265        22.000000000000007        44.689999001100659     
   19422.696289016938       0.40142572795869597        23.000000000000011        46.359998963773251     
   19765.549997820010       0.41887902047863929        24.000000000000011        48.009998926892877     
   20080.530855844467       0.43633231299858261        25.000000000000014        49.629998890683055     
   20368.412968570578       0.45378560551852593        26.000000000000014        51.219998855143785     
   20635.061362804801       0.47123889803846924        27.000000000000014        52.799998819828033     
   20875.743262677955       0.48869219055841256        28.000000000000018        54.349998785182834     
   21093.542248600155       0.50614548307835583        29.000000000000014        55.879998750984669     
   21286.484051587679       0.52359877559829915        30.000000000000018        57.379998717457056     
   21459.791771162443       0.54105206811824247        31.000000000000018        58.869998684152961     
   21609.104681158864       0.55850536063818579        32.000000000000021        60.329998651519418     
   21737.147035156882       0.57595865315812911        33.000000000000021        61.769998619332910     
   21844.233783066556       0.59341194567807243        34.000000000000021        63.189998587593436     
   21928.545671830594       0.61086523819801575        35.000000000000021        64.579998556524515     
   21994.643141499833       0.62831853071795907        36.000000000000028        65.959998525679111     
   22040.621903514424       0.64577182323790239        37.000000000000028        67.319998495280743     
   22064.763065306641       0.66322511575784571        38.000000000000028        68.649998465552926     
   22071.282989961583       0.68067840827778903        39.000000000000028        69.969998436048627     
   22056.514359458630       0.69813170079773235        40.000000000000028        71.259998407214880     
   22022.631737143569       0.71558499331767567        41.000000000000036        72.529998378828168     
   21971.615978132366       0.73303828583761899        42.000000000000036        73.789998350664973     
   21900.041579969045       0.75049157835756231        43.000000000000036        75.019998323172331     
   21809.914192694021       0.76794487087750563        44.000000000000036        76.229998296126723     
   21701.402115815799       0.78539816339744895        45.000000000000036        77.419998269528151     
   21574.665448807908       0.80285145591739226        46.000000000000043        78.589998243376613     
   21429.856633409316       0.82030474843733558        47.000000000000043        79.739998217672110     
   21265.586717154616       0.83775804095727890        48.000000000000043        80.859998192638159     
   21085.102270578573       0.85521133347722222        49.000000000000043        81.969998167827725     
   20886.961553969209       0.87266462599716554        50.000000000000043        83.059998143464327     
   20669.873583607194       0.89011791851710886        51.000000000000050        84.119998119771481     
   20435.453311055251       0.90757121103705218        52.000000000000050        85.159998096525669     
   20185.159013195826       0.92502450355699550        53.000000000000050        86.189998073503375     
   19916.379488689825       0.94247779607693882        54.000000000000050        87.189998051151633     
   19629.332976137077       0.95993108859688214        55.000000000000050        88.159998029470444     
   19326.698792584699       0.97738438111682546        56.000000000000057        89.119998008012772     
   19006.075224841567       0.99483767363676878        57.000000000000057        90.049997987225652     
   18668.830378983352        1.0122909661567121        58.000000000000057        90.959997966885567     
   18315.061527066144        1.0297442586766554        59.000000000000057        91.849997946992517     
   17943.773290031564        1.0471975511965987        60.000000000000057        92.709997927770019     
   17556.223482259222        1.0646508437165421        61.000000000000064        93.549997908994555     
   17152.508645609425        1.0821041362364854        62.000000000000064        94.369997890666127     
   16731.738816364326        1.0995574287564287        63.000000000000064        95.159997873008251     
   16294.117557266571        1.1170107212763720        64.000000000000071        95.919997856020927     
   15841.690646410656        1.1344640137963153        65.000000000000071        96.669997839257121     
   15371.807768065933        1.1519173063162587        66.000000000000071        97.379997823387384     
   14886.490894626793        1.1693705988362020        67.000000000000071        98.069997807964683     
   14385.861892289293        1.1868238913561453        68.000000000000071        98.739997792989016     
   13869.268858728441        1.2042771838760886        69.000000000000071        99.379997778683901     
   13336.956369441599        1.2217304763960319        70.000000000000071        99.989997765049338     
   12789.896081859582        1.2391837689159753        71.000000000000071        100.57999775186181     
   12227.578343716708        1.2566370614359186        72.000000000000071        101.13999773934484     
   11650.294401668214        1.2740903539558619        73.000000000000071        101.66999772749841     
   11058.356605523430        1.2915436464758052        74.000000000000085        102.16999771632254     
   10452.101657312738        1.3089969389957485        75.000000000000085        102.63999770581722     
   9832.4325843821898        1.3264502315156919        76.000000000000085        103.08999769575894     
   9199.1357145631318        1.3439035240356352        77.000000000000085        103.50999768637121     
   8552.1767567944589        1.3613568165555785        78.000000000000085        103.88999767787755     
   7892.9975542882958        1.3788101090755218        79.000000000000085        104.24999766983092     
   7221.6151962511140        1.3962634015954651        80.000000000000085        104.57999766245484     
   6538.2468770613268        1.4137166941154085        81.000000000000085        104.86999765597284     
   5844.2723153113384        1.4311699866353518        82.000000000000085        105.13999764993787     
   5139.9983245557887        1.4486232791552951        83.000000000000085        105.37999764457345     
   4425.9606520501311        1.4660765716752384        84.000000000000099        105.57999764010310     
   3703.3408197509980        1.4835298641951817        85.000000000000099        105.74999763630331     
   2973.2649115742747        1.5009831567151251        86.000000000000099        105.89999763295054     
   2236.4519455880313        1.5184364492350684        87.000000000000099        106.00999763049185     
   1494.3252849744465        1.5358897417550117        88.000000000000099        106.08999762870371     
   748.24557035080193        1.5533430342749550        89.000000000000099        106.12999762780964     
