           1   0.0000000000000000     
           2  0.23988916044826572     
           3  0.82052393880691921     
           4   1.7306823970756176     
           5  0.98516761998795699     
           6   1.5126109280402615     
           7   1.3461091517427954     
           8  0.93626941999253255     
           9   1.4202531094202147     
          10   2.3412090893713269     
          11   1.7922827377102697     
          12   2.3704495653689222     
          13   1.6864498546712632     
          14   1.7499061601663186     
          15   1.8781332436819040     
          16   1.5792815129605717     
          17   1.5792815129605717     
          18   2.0131129325649475     
          19   2.8204061322296479     
          20   3.3952347251747166     
          21   2.1042852700528933     
          22   2.0662987552460472     
          23   1.6574903176409819     
          24   1.4902875684939545     
          25   1.5463715580632797     
          26   1.6864498546712632     
          27   1.5241439806993795     
          28   1.5556113026128193     
          29   1.6500198409212150     
          30   1.4758219780222614     
          31   1.5277080673958239     
          32   1.5887367436316693     
          33   1.7627611372221499     
          34   1.5792815129605717     
          35   1.5871918617728729     
          36   1.5403016956829734     
          37   1.4835298288818830     
          38   1.5893951430631958     
          39   1.5668000149888532     
          40   1.6940761904441459     
          41   1.7427440424615259     
          42   1.8415587524084303     
          43   1.8301152312430939     
          44   1.8283619198453456     
          45   1.7998750624125261     
          46   1.8491768131166222     
          47   1.7452069704042448     
          48   1.7192882446894331     
          49   1.7252415733447728     
          50   1.8427609024738718     
          51   1.8581274308338460     
          52   2.0668534090534636     
          53   2.3601107070512732     
          54   2.3412090893713269     
          55   2.0608768476858779     
          56   2.0771209271745872     
          57   1.9591468561962850     
          58   2.0942628701115380     
          59   1.9625143938340668     
          60   2.0683907394721976     
          61   1.8456929425613440     
          62   1.8262865067743854     
          63   1.8500562217633574     
          64   1.8217208996201952     
          65   1.8003466462056426     
          66   1.7696308442478939     
          67   1.8190815068899222     
          68   1.7270441159317469     
          69   1.6898859142502407     
          70   1.7255794128829016     
          71   1.8046476609938535     
          72   1.7958543553669528     
          73   1.8302323273548529     
          74   1.8403194774372740     
          75   1.8672788498139665     
          76   1.8978440898844233     
          77   1.8876242657454751     
          78   1.8950653350825652     
          79   1.9197133945208475     
          80   1.9047119752764912     
          81   1.9644602995307741     
          82   1.9689193936851765     
          83   1.9918442315101663     
          84   1.9052881742836270     
          85   1.9185211691315733     
          86   1.8328499783942349     
          87   1.8105699177243098     
          88   1.8900267763728824     
          89   1.9008793735851068     
          90   1.9367368859375864     
          91   1.8571942715056231     
          92   1.8026013388023745     
          93   1.8546523350219681     
          94   1.8476575881069606     
          95   1.8263864089721862     
          96   1.8163608816355770     
          97   1.8478025528239936     
          98   1.7958299591514473     
          99   1.8595517291133787     
         100   1.8802058278870961     
         101   1.8944500854347268     
         102   1.9370102943149503     
         103   1.9198437672015682     
         104   1.9669457432048330     
         105   1.9996685336666054     
         106   2.0153519332208423     
         107   1.9753495144847701     
         108   2.0536799156340231     
         109   2.0347694655809820     
         110   1.9744351655588868     
         111   1.9980948520793556     
         112   1.9559969947628513     
         113   1.9656624644068585     
         114   1.9387180383708571     
         115   1.9587498810215420     
         116   1.9579773293647300     
         117   1.9172005996039756     
         118   1.9471367275352971     
         119   1.9798328089613186     
         120   2.0079108666181238     
         121   1.9921775963802657     
         122   2.0312082176418342     
         123   2.0257504789300129     
         124   2.0002326007695981     
         125   1.9850889748773517     
         126   1.9350856075638114     
         127   1.9555542181284700     
         128   1.9239766111842782     
         129   1.9233715720227946     
         130   1.9132366457181840     
         131   1.9258259771954800     
         132   1.9621228093997733     
         133   1.9957011419210493     
         134   1.9826989656317291     
         135   1.9773753940704764     
         136   1.9905961033462198     
         137   2.0358013368001733     
         138   2.0524778757898563     
         139   2.0511786380432939     
         140   2.0840429918087393     
         141   2.1425897018093689     
         142   2.1371528245326661     
         143   2.0852014087940662     
         144   2.0355166750438283     
         145   2.0479769488539996     
         146   2.0558667917770017     
         147   2.1019414432775232     
         148   2.1465183429776165     
         149   2.0870649471200751     
         150   2.1001130583986365     
         151   2.0843049204298016     
         152   2.0706780940639442     
         153   2.0810478962701193     
         154   2.0869636332839567     
         155   2.1420552104717943     
         156   2.1258366436122924     
         157   2.1671461966738290     
         158   2.1528401769723047     
         159   2.1229860131326599     
         160   2.1421093890059475     
         161   2.1629672563669575     
         162   2.1857390344359429     
         163   2.2242960845462978     
         164   2.1724635533408585     
         165   2.1989651870310922     
         166   2.2018033094046841     
         167   2.2188368567091175     
         168   2.2376131606184000     
         169   2.2247379860236021     
         170   2.2884060945938240     
         171   2.2697349478353579     
         172   2.3260584050217035     
         173   2.3564201314827922     
         174   2.3642655399607766     
         175   2.3655085788612626     
         176   2.3289231013468252     
         177   2.3816821475540642     
         178   2.3635088191887292     
         179   2.3798443162661851     
         180   2.3577688697410331     
         181   2.4017504836682169     
         182   2.3439994612174937     
         183   2.3973522940032681     
         184   2.4144383930519249     
         185   2.3765843460981873     
         186   2.4041524444988691     
         187   2.4522725893339499     
         188   2.5073522409269202     
         189   2.5278494777797591     
         190   2.5300842119811997     
         191   2.5894805817735276     
         192   2.5963964208099473     
         193   2.6984956208225279     
         194   2.7773349240663174     
         195   3.0014508361706400     
         196   3.0378629210400598     
         197   3.7668269033794899     
         198   5.0782581854620235     
