 	i		i!		ln i!		S		erro	
   1.0000000000000000        1.0000000000000000        0.0000000000000000        0.0000000000000000        0.0000000000000000     
   2.0000000000000000        2.0000000000000000       0.69314718055994529       0.65180648460453594        5.9642017041767491E-002
   3.0000000000000000        6.0000000000000000        1.7917594692280550        1.7640815435430570        1.5447344445693059E-002
   4.0000000000000000        24.000000000000000        3.1780538303479458        3.1572631582441804        6.5419508962468237E-003
   5.0000000000000000        120.00000000000000        4.7874917427820458        4.7708470515922246        3.4767038950858078E-003
   6.0000000000000000        720.00000000000000        6.5792512120101012        6.5653750831870301        2.1090741751494647E-003
   7.0000000000000000        5040.0000000000000        8.5251613610654147        8.5132646511195222        1.3954820843890608E-003
   8.0000000000000000        40320.000000000000        10.604602902745251        10.594191637483277        9.8176851669560497E-004
   9.0000000000000000        362880.00000000000        12.801827480081469        12.792572017898758        7.2297976184349292E-004
   10.000000000000000        3628800.0000000000        15.104412573075516        15.096082009642155        5.5153177212670672E-004
   11.000000000000000        39916800.000000000        17.502307845873887        17.494734170385936        4.3272439010016907E-004
   12.000000000000000        479001600.00000000        19.987214495661885        19.980271655554677        3.4736406659938856E-004
   13.000000000000000        6227020800.0000000        22.552163853123425        22.545754858935418        2.8418533271334120E-004
   14.000000000000000        87178291200.000000        25.191221182738680        25.185269812625918        2.3624778130398790E-004
   15.000000000000000        1307674368000.0000        27.899271383840890        27.893716650288930        1.9909959208392543E-004
   16.000000000000000        20922789888000.000        30.671860106080672        30.666652450161063        1.6978611344728095E-004
   17.000000000000000        355687428096000.00        33.505073450136891        33.500172054188454        1.4628817202056213E-004
   18.000000000000000        6402373705728000.0        36.395445208033053        36.390816054283718        1.2719046910613529E-004
   19.000000000000000        1.2164510040883200E+017   39.339884187199495        39.335498626950255        1.1147872800967340E-004
   20.000000000000000        2.4329020081766400E+018   42.335616460753485        42.331450141061488        9.8411693044837776E-005
