   0.0000000000000000       -2.1142567558413443E-005   0.0000000000000000        2.1142567558413443E-005
   5.0000000000000003E-002  -4.9995808410025371E-002   4.9979169270678331E-002   9.9974977680703708E-002
  0.10000000000000001       -9.9846460092882477E-002   9.9833416646828155E-002  0.19967987673971063     
  0.15000000000000002      -0.14944831570652625       0.14943813247359924       0.29888644818012550     
  0.20000000000000001      -0.19867724762807401       0.19866933079506122       0.39734657842313525     
  0.25000000000000000      -0.24741008737571898       0.24740395925452294       0.49481404663024192     
  0.29999999999999999      -0.29552492889610937       0.29552020666133955       0.59104513555744886     
  0.34999999999999998      -0.34290142940992357       0.34289780745545134       0.68579923686537492     
  0.39999999999999997      -0.38942110696176968       0.38941834230865047       0.77883944927042015     
  0.44999999999999996      -0.43496763384192560       0.43496553411123018       0.86993316795315578     
  0.49999999999999994      -0.47942712506938018       0.47942553860420295       0.95885266367358313     
  0.54999999999999993      -0.52268842114828695       0.52268722893065911        1.0453756500789462     
  0.59999999999999998      -0.56464336433329698       0.56464247339503537        1.1292858377283324     
  0.65000000000000002      -0.60518706766344676       0.60518640573603955        1.2103734733994864     
  0.70000000000000007      -0.64421817604933540       0.64421768723769113        1.2884358632870265     
  0.75000000000000011      -0.68163911872429939       0.68163876002333423        1.3632778787476336     
  0.80000000000000016      -0.71735635239722984       0.71735609089952290        1.4347124432967528     
  0.85000000000000020      -0.75128059447254303       0.75128040514029282        1.5025609996128360     
  0.90000000000000024      -0.78332704573169998       0.78332690962748353        1.5666539553591834     
  0.95000000000000029      -0.81341560190047069       0.81341550478937397        1.6268311066898447     
   1.0000000000000002      -0.84147105355695717       0.84147098480789662        1.6829420383648537     
   1.0500000000000003      -0.86742327386709994       0.86742322559401708        1.7348464994611170     
   1.1000000000000003      -0.89120739366704327       0.89120736006143553        1.7824147537284789     
   1.1500000000000004      -0.91276396344526078       0.91276394026052121        1.8255279037057819     
   1.2000000000000004      -0.93203910181169458       0.93203908596722651        1.8640781877789210     
   1.2500000000000004      -0.94898463007630085       0.94898461935558631        1.8979692494318872     
   1.3000000000000005      -0.96355819259528208       0.96355818541719307        1.9271163780124752     
   1.3500000000000005      -0.97572336257981784       0.97572335782665920        1.9514467204064769     
   1.4000000000000006      -0.98544973309926054       0.98544972998846025        1.9708994630877208     
   1.4500000000000006      -0.99271299304845195       0.99271299103758859        1.9854259840860404     
   1.5000000000000007      -0.99749498788694979       0.99749498660405445        1.9949899744910042     
   1.5500000000000007      -0.99978376499649113       0.99978376418935699        1.9995675291858481     
   1.6000000000000008      -0.99957360354183933       0.99957360304150511        1.9991472065833444     
   1.6500000000000008      -0.99686502875920702       0.99686502845391878        1.9937300572131258     
   1.7000000000000008      -0.99166481063562739       0.99166481045246846        1.9833296210880960     
   1.7500000000000009      -0.98398594698185549       0.98398594687393670        1.9679718938557922     
   1.8000000000000009      -0.97384763094056015       0.97384763087819493        1.9476952618187551     
   1.8500000000000010      -0.96127520301059566       0.96127520297529967        1.9225504059858953     
   1.9000000000000010      -0.94630008770694540       0.94630008768741414        1.8926001753943595     
   1.9500000000000011      -0.92895971501441643       0.92895971500386887        1.8579194300182853     
   2.0000000000000009      -0.90929742683122872       0.90929742682568138        1.8185948536569101     
   2.0500000000000007      -0.88736236863620976       0.88736236863337514        1.7747247372695849     
   2.1000000000000005      -0.86320936665027703       0.86320936664887349        1.7264187332991505     
   2.1500000000000004      -0.83689879079916873       0.83689879079849749        1.6737975815976662     
   2.2000000000000002      -0.80849640381989907       0.80849640381959009        1.6169928076394893     
   2.2500000000000000      -0.77807319688805754       0.77807319688792120        1.5561463937759787     
   2.2999999999999998      -0.74570521217677765       0.74570521217672026        1.4914104243534978     
   2.3499999999999996      -0.71147335279086754       0.71147335279084467        1.4229467055817122     
   2.3999999999999995      -0.67546318055115984       0.67546318055115129        1.3509263611023110     
   2.4499999999999993      -0.63776470213450720       0.63776470213450431        1.2755294042690115     
   2.4999999999999991      -0.59847214410395810       0.59847214410395722        1.1969442882079153     
   2.5499999999999989      -0.55768371739141798       0.55768371739141775        1.1153674347828357     
   2.5999999999999988      -0.51550137182146527       0.51550137182146527        1.0310027436429305     
   2.6499999999999986      -0.47203054128988375       0.47203054128988381       0.94406108257976751     
   2.6999999999999984      -0.42737988023383128       0.42737988023383139       0.85475976046766267     
   2.7499999999999982      -0.38166099205233323       0.38166099205233334       0.76332198410466656     
   2.7999999999999980      -0.33498815015590666       0.33498815015590677       0.66997630031181343     
   2.8499999999999979      -0.28747801234254639       0.28747801234254655       0.57495602468509288     
   2.8999999999999977      -0.23924932921398445       0.23924932921398456       0.47849865842796901     
   2.9499999999999975      -0.19042264736102954       0.19042264736102968       0.38084529472205919     
   2.9999999999999973      -0.14112000805986974       0.14112000805986985       0.28224001611973959     
   3.0499999999999972       -9.1464642232439733E-002   9.1464642232439844E-002  0.18292928446487958     
   3.0999999999999970       -4.1580662433293475E-002   4.1580662433293600E-002   8.3161324866587075E-002
   3.1499999999999968        8.4072473671456312E-003  -8.4072473671455098E-003   1.6814494734291141E-002
   3.1999999999999966        5.8374143427576665E-002  -5.8374143427576540E-002  0.11674828685515320     
   3.2499999999999964       0.10819513453010497      -0.10819513453010485       0.21639026906020981     
   3.2999999999999963       0.15774569414324482      -0.15774569414324469       0.31549138828648948     
   3.3499999999999961       0.20690197167339597      -0.20690197167339586       0.41380394334679182     
   3.3999999999999959       0.25554110202682750      -0.25554110202682739       0.51108220405365490     
   3.4499999999999957       0.30354151270842522      -0.30354151270842511       0.60708302541685033     
   3.4999999999999956       0.35078322768961578      -0.35078322768961567       0.70156645537923146     
   3.5499999999999954       0.39714816728595581      -0.39714816728595570       0.79429633457191151     
   3.5999999999999952       0.44252044329484819      -0.44252044329484808       0.88504088658969626     
   3.6499999999999950       0.48678664865569526      -0.48678664865569515       0.97357329731139042     
   3.6999999999999948       0.52983614090848907      -0.52983614090848885        1.0596722818169779     
   3.7499999999999947       0.57156131874233995      -0.57156131874233940        1.1431226374846792     
   3.7999999999999945       0.61185789094271625      -0.61185789094271470        1.2237157818854310     
   3.8499999999999943       0.65062513706516745      -0.65062513706516301        1.3012502741303305     
   3.8999999999999941       0.68776615918398176      -0.68776615918396955        1.3755323183679513     
   3.9499999999999940       0.72318812408653932      -0.72318812408650779        1.4463762481730471     
   3.9999999999999938       0.75680249530800148      -0.75680249530792421        1.5136049906159257     
   4.0499999999999936       0.78852525442637167      -0.78852525442619115        1.5770505088525628     
   4.0999999999999934       0.81827711106480983      -0.81827711106440670        1.6365542221292166     
   4.1499999999999932       0.84598370107630660      -0.84598370107544274        1.6919674021517492     
   4.1999999999999931       0.87157577241536921      -0.87157577241358464        1.7431515448289538     
   4.2499999999999929       0.89498935823214520      -0.89498935822858039        1.7899787164607255     
   4.2999999999999927       0.91616593675635893      -0.91616593674945201        1.8323318735058109     
   4.3499999999999925       0.93505257757145943      -0.93505257755844651        1.8701051551299059     
   4.3999999999999924       0.95160207391340801      -0.95160207388951357        1.9032041478029216     
   4.4499999999999922       0.96577306066348334      -0.96577306062063673        1.9315461212841201     
   4.4999999999999920       0.97753011774025944      -0.97753011766509534        1.9550602354053548     
   4.5499999999999918       0.98684385863243573      -0.98684385850323530        1.9736877171356710     
   4.5999999999999917       0.99369100385138232      -0.99369100363346352        1.9873820074848458     
   4.6499999999999915       0.99805443912000269      -0.99805443875887889        1.9961088778788816     
   4.6999999999999913       0.99992325815273797      -0.99992325756410083        1.9998465157168388     
   4.7499999999999911       0.99929278992013970      -0.99929278897537832        1.9985855788955180     
   4.7999999999999909       0.99616461033032211      -0.99616460883584146        1.9923292191661637     
   4.8499999999999908       0.99054653829870321      -0.99054653596671449        1.9810930742654178     
   4.8999999999999906       0.98245261621663227      -0.98245261262433425        1.9649052288409665     
   4.9499999999999904       0.97190307486872363      -0.97190306940182303        1.9438061442705465     
   4.9999999999999902       0.95892428288784648      -0.95892427466314123        1.9178485575509878     
   5.0499999999999901       0.94354868087571264      -0.94354866863590980        1.8870973495116226     
   5.0999999999999899       0.92581470035573243      -0.92581468232773612        1.8516293826834684     
   5.1499999999999897       0.90576666776321690      -0.90576664146870900        1.8115333092319259     
   5.1999999999999895       0.88345469371600349      -0.88345465572015813        1.7669093494361616     
   5.2499999999999893       0.85893454784609724      -0.85893449342659745        1.7178690412726947     
   5.2999999999999892       0.83226751950986766      -0.83226744222390714        1.6645349617337748     
   5.3499999999999890       0.80352026473067295      -0.80352015585216219        1.6070404205828352     
   5.3999999999999888       0.77276463976341825      -0.77276448755599447        1.5455291273194127     
   5.4499999999999886       0.74007752170543339      -0.74007731048890213        1.4801548321943354     
   5.4999999999999885       0.70554061661214651      -0.70554032557040014        1.4110809421825468     
   5.5499999999999883       0.66924025560925304      -0.66923985727627056        1.3384801128855237     
   5.5999999999999881       0.63126717952542233      -0.63126663787233050        1.2625338173977529     
   5.6499999999999879       0.59171631260100155      -0.59171558063101937        1.1834318932320209     
   5.6999999999999877       0.55068652585864664      -0.55068554259764801        1.1013720684562947     
   5.7499999999999876       0.50828039075131182      -0.50827907749926904        1.0165594682505810     
   5.7999999999999874       0.46460392373156273      -0.46460217941376836       0.92920610314533114     
   5.8499999999999872       0.41976632241373130      -0.41976401783987094       0.83953034025360229     
   5.8999999999999870       0.37387969402705318      -0.37387666483024840       0.74775635885730152     
   5.9499999999999869       0.32705877688356599      -0.32705481486975324       0.65411359175331918     
   5.9999999999999867       0.27942065560934198      -0.27941549819893868       0.55883615380828067     
   6.0499999999999865       0.23108447091152318      -0.23107778829940520       0.46216225921092835     
   6.0999999999999863       0.18217112467674682      -0.18216250427210898       0.36433362894885579     
   6.1499999999999861       0.13280298121895184      -0.13279190885253081       0.26559489007148263     
   6.1999999999999860        8.3103565516292055E-002  -8.3089402817510566E-002  0.16619296833380262     
   6.2499999999999858        3.3197259298144904E-002  -3.3179216547571021E-002   6.6376475845715932E-002
