 i	gamma	fatorial		razao		módulo do log	
   1.0000000000000000        1.0000000000001794        1.0000000000000000        1.7932660564823344E-013   12.746355271904511     
   2.0000000000000000        2.0000000000005262        2.0000000000000000        2.6303861432735998E-013   12.579980491972945     
   3.0000000000000000        6.0000000000019682        6.0000000000000000        3.2797477118410673E-013   12.484159562254568     
   4.0000000000000000        24.000000000009024        24.000000000000000        3.7602429850402963E-013   12.424784090271126     
   5.0000000000000000        120.00000000004921        120.00000000000000        4.1011887173351504E-013   12.387090246071796     
   6.0000000000000000        720.00000000031218        720.00000000000000        4.3360662282942999E-013   12.362904093083346     
   7.0000000000000000        5040.0000000023538        5040.0000000000000        4.6704386390063388E-013   12.330642329379479     
   8.0000000000000000        40320.000000021915        40320.000000000000        5.4353311974687632E-013   12.264773987391722     
   9.0000000000000000        362880.00000025309        362880.00000000000        6.9748745286185199E-013   12.156463600530170     
   10.000000000000000        3628800.0000034738        3628800.0000000000        9.5731980445955494E-013   12.018942956569397     
   11.000000000000000        39916800.000053614        39916800.000000000        1.3430988891918901E-012   11.871892010079405     
   12.000000000000000        479001600.00089347        479001600.00000000        1.8653054127273325E-012   11.729250049537400     
   13.000000000000000        6227020800.0157394        6227020800.0000000        2.5275957151469620E-012   11.597292389535937     
   14.000000000000000        87178291200.290054        87178291200.000000        3.3270593349921473E-012   11.477939453826131     
   15.000000000000000        1307674368005.5671        1307674368000.0000        4.2572914837708460E-012   11.370866613985529     
   16.000000000000000        20922789888111.074        20922789888000.000        5.3088142376724307E-012   11.275002470922784     
   17.000000000000000        355687428098301.50        355687428096000.00        6.4706048206012392E-012   11.189055123044882     
   18.000000000000000        6402373705777496.0        6402373705728000.0        7.7308381420265665E-012   11.111773419312614     
   19.000000000000000        1.2164510040993630E+017   1.2164510040883200E+017   9.0780375481717537E-012   11.042008025280097     
   20.000000000000000        2.4329020082021868E+018   2.4329020081766400E+018   1.0500506561358057E-011   10.978789749359018     
   21.000000000000000        5.1090942172321890E+019   5.1090942171709440E+019   1.1987465213337406E-011   10.921272640107205     
   22.000000000000000        1.1240007277928140E+021   1.1240007277776077E+021   1.3528688692280524E-011   10.868744296625264     
   23.000000000000000        2.5852016739275724E+022   2.5852016738884978E+022   1.5114762810603586E-011   10.820598663627035     
   24.000000000000000        6.2044840174362397E+023   6.2044840173323941E+023   1.6737001240339679E-011   10.776322351685428     
   25.000000000000000        1.5511210043616208E+025   1.5511210043330986E+025   1.8388253587752525E-011   10.735459515635117     
   26.000000000000000        4.0329146113469606E+026   4.0329146112660565E+026   2.0060928765870589E-011   10.697648964209158     
   27.000000000000000        1.0888869450655178E+028   1.0888869450418352E+028   2.1749217832079534E-011   10.662556356976925     
   28.000000000000000        3.0488834461886281E+029   3.0488834461171384E+029   2.3447792251576103E-011   10.629898042419921     
   29.000000000000000        8.8417619939620874E+030   8.8417619937397008E+030   2.5151743877825165E-011   10.599431898072842     
   30.000000000000000        2.6525285981931490E+032   2.6525285981219103E+032   2.6856857378438723E-011   10.570944807119693     
   31.000000000000000        8.2228386544127587E+033   8.2228386541779224E+033   2.8559111592635288E-011   10.544255306574339     
   32.000000000000000        2.6313083694165473E+035   2.6313083693369352E+035   3.0255672234304780E-011   10.519193193271770     
   33.000000000000000        8.6833176190892624E+036   8.6833176188118859E+036   3.1943630233422630E-011   10.495615730002349     
   34.000000000000000        2.9523279904953004E+038   2.9523279903960412E+038   3.3620662260571118E-011   10.473393736069692     
   35.000000000000000        1.0333147966750745E+040   1.0333147966386144E+040   3.5284676098345104E-011   10.452413864891234     
   36.000000000000000        3.7199332680364030E+041   3.7199332678990118E+041   3.6933749410867029E-011   10.432576601750743     
   37.000000000000000        1.3763753091757164E+043   1.3763753091226343E+043   3.8566553425261007E-011   10.413789170967302     
   38.000000000000000        5.2302261748761702E+044   5.2302261746660104E+044   4.0181844065530265E-011   10.395970136052014     
   39.000000000000000        2.0397882082049632E+046   2.0397882081197442E+046   4.1778403638841280E-011   10.379048158517692     
   40.000000000000000        8.1591528328327215E+047   8.1591528324789768E+047   4.3355503552979902E-011   10.362955765293195     
   41.000000000000000        3.3452526614666241E+049   3.3452526613163803E+049   4.4912406268873465E-011   10.347633676148630     
   42.000000000000000        1.4050061178181404E+051   1.4050061177528798E+051   4.6448662530624261E-011   10.333026786814198     
   43.000000000000000        6.0415263066271562E+052   6.0415263063373834E+052   4.7963518434604762E-011   10.319088966092648     
   44.000000000000000        2.6582715749199190E+054   2.6582715747884485E+054   4.9457059205415944E-011   10.305771711040448     
   45.000000000000000        1.1962222087157241E+056   1.1962222086548019E+056   5.0928897909472581E-011   10.293035721762431     
   46.000000000000000        5.5026221601003082E+057   5.5026221598120885E+057   5.2378611724259631E-011   10.280846016572937     
   47.000000000000000        2.5862324152508380E+059   2.5862324151116818E+059   5.3806555436648368E-011   10.269164809528284     
   48.000000000000000        1.2413915593221477E+061   1.2413915592536073E+061   5.5212563101855540E-011   10.257962091382691     
   49.000000000000000        6.0828186406869429E+062   6.0828186403426752E+062   5.6596706105707125E-011   10.247208843754171     
   50.000000000000000        3.0414093203476145E+064   3.0414093201713376E+064   5.7959025492187714E-011   10.236878925252682     
