           1           0           1   0.0000000000000000     
           2           1           3   1.3333333333333333     
           3           4           6   2.6666666666666665     
           4           8          10   3.2000000000000002     
           5          13          15   3.4666666666666668     
           6          17          21   3.2380952380952381     
           7          21          28   3.0000000000000000     
           8          25          36   2.7777777777777777     
           9          34          45   3.0222222222222221     
          10          43          55   3.1272727272727274     
          11          51          66   3.0909090909090908     
          12          61          78   3.1282051282051282     
          13          70          91   3.0769230769230771     
          14          81         105   3.0857142857142859     
          15          93         120   3.1000000000000001     
          16         104         136   3.0588235294117645     
          17         117         153   3.0588235294117645     
          18         133         171   3.1111111111111112     
          19         149         190   3.1368421052631579     
          20         165         210   3.1428571428571428     
          21         180         231   3.1168831168831170     
          22         197         253   3.1146245059288535     
          23         212         276   3.0724637681159419     
          24         228         300   3.0400000000000000     
          25         248         325   3.0523076923076924     
          26         270         351   3.0769230769230771     
          27         288         378   3.0476190476190474     
          28         310         406   3.0541871921182264     
          29         334         435   3.0712643678160920     
          30         353         465   3.0365591397849463     
          31         378         496   3.0483870967741935     
          32         404         528   3.0606060606060606     
          33         433         561   3.0873440285204992     
          34         455         595   3.0588235294117645     
          35         482         630   3.0603174603174601     
          36         508         666   3.0510510510510511     
          37         534         703   3.0384068278805123     
          38         567         741   3.0607287449392713     
          39         596         780   3.0564102564102562     
          40         631         820   3.0780487804878049     
          41         664         861   3.0847851335656213     
          42         699         903   3.0963455149501660     
          43         732         946   3.0951374207188160     
          44         766         990   3.0949494949494949     
          45         800        1035   3.0917874396135265     
          46         837        1081   3.0971322849213689     
          47         870        1128   3.0851063829787235     
          48         906        1176   3.0816326530612246     
          49         944        1225   3.0824489795918368     
          50         987        1275   3.0964705882352943     
          51        1027        1326   3.0980392156862746     
          52        1073        1378   3.1146589259796809     
          53        1119        1431   3.1278825995807127     
          54        1161        1485   3.1272727272727274     
          55        1199        1540   3.1142857142857143     
          56        1243        1596   3.1152882205513786     
          57        1284        1653   3.1070780399274045     
          58        1333        1711   3.1163062536528345     
          59        1375        1770   3.1073446327683616     
          60        1425        1830   3.1147540983606556     
          61        1464        1891   3.0967741935483870     
          62        1511        1953   3.0947260624679980     
          63        1561        2016   3.0972222222222223     
          64        1609        2080   3.0942307692307693     
          65        1658        2145   3.0918414918414920     
          66        1707        2211   3.0881953867028495     
          67        1762        2278   3.0939420544337137     
          68        1808        2346   3.0826939471440751     
          69        1858        2415   3.0774327122153209     
          70        1915        2485   3.0824949698189137     
          71        1976        2556   3.0923317683881062     
          72        2031        2628   3.0913242009132422     
          73        2090        2701   3.0951499444650130     
          74        2148        2775   3.0962162162162161     
          75        2208        2850   3.0989473684210527     
          76        2269        2926   3.1018455228981545     
          77        2328        3003   3.1008991008991007     
          78        2389        3081   3.1015903927296331     
          79        2452        3160   3.1037974683544305     
          80        2513        3240   3.1024691358024690     
          81        2580        3321   3.1074977416440830     
          82        2644        3403   3.1078460182192185     
          83        2710        3486   3.1095811818703387     
          84        2769        3570   3.1025210084033614     
          85        2836        3655   3.1036935704514366     
          86        2895        3741   3.0954290296712110     
          87        2960        3828   3.0929989550679204     
          88        3036        3916   3.1011235955056180     
          89        3106        4005   3.1021223470661674     
          90        3179        4095   3.1052503052503053     
          91        3242        4186   3.0979455327281413     
          92        3307        4278   3.0920991117344552     
          93        3385        4371   3.0976893159460079     
          94        3457        4465   3.0969764837625982     
          95        3528        4560   3.0947368421052630     
          96        3601        4656   3.0936426116838489     
          97        3680        4753   3.0969913738691353     
          98        3749        4851   3.0913213770356629     
          99        3834        4950   3.0981818181818181     
         100        3914        5050   3.1001980198019803     
         101        3994        5151   3.1015336827800426     
         102        4078        5253   3.1052731772320579     
         103        4156        5356   3.1038088125466765     
         104        4242        5460   3.1076923076923078     
         105        4327        5565   3.1101527403414195     
         106        4411        5671   3.1112678539940046     
         107        4490        5778   3.1083419868466597     
         108        4582        5886   3.1138294257560313     
         109        4665        5995   3.1125938281901586     
         110        4744        6105   3.1082719082719081     
         111        4833        6216   3.1100386100386102     
         112        4915        6328   3.1068268015170668     
         113        5004        6441   3.1075919888216115     
         114        5089        6555   3.1054157131960336     
         115        5181        6670   3.1070464767616190     
         116        5271        6786   3.1069849690539346     
         117        5356        6903   3.1035781544256120     
         118        5452        7021   3.1061102407064523     
         119        5549        7140   3.1086834733893558     
         120        5646        7260   3.1107438016528928     
         121        5738        7381   3.1096057444790679     
         122        5838        7503   3.1123550579768091     
         123        5933        7626   3.1119853134015210     
         124        6026        7750   3.1101935483870968     
         125        6121        7875   3.1090793650793649     
         126        6211        8001   3.1051118610173729     
         127        6313        8128   3.1067913385826773     
         128        6407        8256   3.1041666666666665     
         129        6507        8385   3.1041144901610016     
         130        6606        8515   3.1032295948326483     
         131        6710        8646   3.1043256997455471     
         132        6819        8778   3.1073137388926861     
         133        6928        8911   3.1098642127707330     
         134        7030        9045   3.1088999447208403     
         135        7134        9180   3.1084967320261438     
         136        7242        9316   3.1094890510948905     
         137        7356        9453   3.1126626467788006     
         138        7466        9591   3.1137524762798456     
         139        7574        9730   3.1136690647482013     
         140        7688        9870   3.1157041540020263     
         141        7806       10011   3.1189691339526520     
         142        7916       10153   3.1186841327686396     
         143        8020       10296   3.1157731157731159     
         144        8124       10440   3.1126436781609197     
         145        8239       10585   3.1134624468587626     
         146        8354       10731   3.1139688752213215     
         147        8476       10878   3.1167494024636881     
         148        8598       11026   3.1191728641393071     
         149        8705       11175   3.1158836689038032     
         150        8824       11325   3.1166445916114789     
         151        8939       11476   3.1157197629836180     
         152        9055       11628   3.1148950808393532     
         153        9176       11781   3.1155249978779391     
         154        9297       11935   3.1158776707163804     
         155        9427       12090   3.1189412737799835     
         156        9546       12246   3.1180793728564429     
         157        9675       12403   3.1202128517294203     
         158        9796       12561   3.1194968553459121     
         159        9915       12720   3.1179245283018866     
         160       10043       12880   3.1189440993788820     
         161       10172       13041   3.1200061344988881     
         162       10302       13203   3.1211088389002501     
         163       10435       13366   3.1228490199012420     
         164       10555       13530   3.1204730229120474     
         165       10688       13695   3.1217232566630155     
         166       10818       13861   3.1218526801818052     
         167       10951       14028   3.1226119190191048     
         168       11085       14196   3.1234150464919694     
         169       11215       14365   3.1228680821441004     
         170       11357       14535   3.1254213966288269     
         171       11488       14706   3.1247110023119813     
         172       11630       14878   3.1267643500470492     
         173       11769       15051   3.1277655969703009     
         174       11906       15225   3.1280131362889985     
         175       12043       15400   3.1280519480519482     
         176       12176       15576   3.1268618387262457     
         177       12321       15753   3.1285469434393449     
         178       12458       15931   3.1279894545226288     
         179       12600       16110   3.1284916201117317     
         180       12738       16290   3.1278084714548804     
         181       12885       16471   3.1291360573128530     
         182       13020       16653   3.1273644388398485     
         183       13170       16836   3.1290092658588740     
         184       13316       17020   3.1294947121034076     
         185       13456       17205   3.1283929090380704     
         186       13605       17391   3.1292047610833191     
         187       13757       17578   3.1305040391398338     
         188       13910       17766   3.1318248339524937     
         189       14060       17955   3.1322751322751321     
         190       14209       18145   3.1323229539818134     
         191       14364       18336   3.1335078534031413     
         192       14515       18528   3.1336355785837653     
         193       14674       18721   3.1353026013567651     
         194       14831       18915   3.1363468146973301     
         195       14994       19110   3.1384615384615384     
         196       15149       19306   3.1387133533616494     
         197       15315       19503   3.1410552222734962     
         198       15473       19701   3.1415664179483276     
