  0.99755959009261719     
  0.56682470761127335     
  0.96591537549612494     
  0.74792768547143218     
  0.36739089737475572     
  0.48063689875473148     
   7.3754263633984518E-002
   5.3552292777272470E-003
  0.34708128851801545     
  0.34224381607283505     
  0.21795172633847260     
  0.13316041001365930     
  0.90052451442189241     
  0.38676601045740355     
  0.44548228938784806     
  0.66193218089584283     
   1.6108300430559330E-002
  0.65085483610391681     
  0.64640882548382539     
  0.32298729094055578     
  0.85569240288533133     
  0.40128691936381389     
  0.20687432921875692     
  0.96853946421659987     
  0.59839953431813464     
  0.67298073277626325     
  0.45688231067296203     
  0.33001512357337470     
  0.10038292650217728     
  0.75545330475972683     
  0.60569326698023185     
  0.71904791340845298     
  0.89733460388652986     
  0.65822912048110771     
  0.15071683713010464     
  0.61231490499670005     
  0.97866023813214653     
  0.99914226942680318     
  0.25679798618316030     
  0.55086540315522059     
  0.65904751789363791     
  0.55400513539681562     
  0.97776009860945046     
  0.90192330446045499     
  0.65792468442021090     
  0.72885850839956368     
  0.40245526506327511     
  0.92862766315403733     
  0.14783519004389145     
  0.67452929906378811     
  0.76961430927589625     
  0.33932255214578511     
  0.11581885494899313     
  0.61436918436151444     
  0.82061713946583192     
  0.94709465592406572     
  0.73112865185355502     
  0.49760390646303887     
  0.37480174078720052     
  0.42150585600453350     
  0.55290303825578491     
  0.99791927917810419     
  0.99039474804151328     
  0.74630965530730953     
  0.95375906174797886     
   9.3274690333437715E-002
  0.73402368711584287     
  0.75176161592562596     
  0.94684850567599865     
  0.70617636325115329     
  0.81380966648249919     
  0.55859451959655482     
   6.1705576875077828E-002
  0.48038078018536035     
  0.59768977219632924     
  0.13753191883633586     
  0.58739520040668203     
  0.51996826291639975     
  0.88587834481295791     
  0.30381017199048876     
  0.66965730397225831     
  0.66494009152976974     
  0.50367689939794036     
  0.26157512041192688     
   7.6559501510817363E-002
  0.10124966279442871     
  0.54926573972185189     
  0.37558494749081928     
   1.5149502579022811E-002
  0.79291544607443887     
  0.62087754490155123     
  0.77360357742855124     
  0.95358076098624234     
  0.11424437213389738     
  0.31846264287556358     
  0.59681984622356055     
   4.8152902605581582E-002
  0.11420577802735099     
  0.21596491917612204     
  0.10057339249283215     
