   0.0000000000000000       -2.1142567558413443E-005
   5.0000000000000003E-002  -4.9995808410025371E-002
  0.10000000000000001       -9.9846460092882477E-002
  0.15000000000000002      -0.14944831570652625     
  0.20000000000000001      -0.19867724762807401     
  0.25000000000000000      -0.24741008737571898     
  0.29999999999999999      -0.29552492889610937     
  0.34999999999999998      -0.34290142940992357     
  0.39999999999999997      -0.38942110696176968     
  0.44999999999999996      -0.43496763384192560     
  0.49999999999999994      -0.47942712506938018     
  0.54999999999999993      -0.52268842114828695     
  0.59999999999999998      -0.56464336433329698     
  0.65000000000000002      -0.60518706766344676     
  0.70000000000000007      -0.64421817604933540     
  0.75000000000000011      -0.68163911872429939     
  0.80000000000000016      -0.71735635239722984     
  0.85000000000000020      -0.75128059447254303     
  0.90000000000000024      -0.78332704573169998     
  0.95000000000000029      -0.81341560190047069     
   1.0000000000000002      -0.84147105355695717     
   1.0500000000000003      -0.86742327386709994     
   1.1000000000000003      -0.89120739366704327     
   1.1500000000000004      -0.91276396344526078     
   1.2000000000000004      -0.93203910181169458     
   1.2500000000000004      -0.94898463007630085     
   1.3000000000000005      -0.96355819259528208     
   1.3500000000000005      -0.97572336257981784     
   1.4000000000000006      -0.98544973309926054     
   1.4500000000000006      -0.99271299304845195     
   1.5000000000000007      -0.99749498788694979     
   1.5500000000000007      -0.99978376499649113     
   1.6000000000000008      -0.99957360354183933     
   1.6500000000000008      -0.99686502875920702     
   1.7000000000000008      -0.99166481063562739     
   1.7500000000000009      -0.98398594698185549     
   1.8000000000000009      -0.97384763094056015     
   1.8500000000000010      -0.96127520301059566     
   1.9000000000000010      -0.94630008770694540     
   1.9500000000000011      -0.92895971501441643     
   2.0000000000000009      -0.90929742683122872     
   2.0500000000000007      -0.88736236863620976     
   2.1000000000000005      -0.86320936665027703     
   2.1500000000000004      -0.83689879079916873     
   2.2000000000000002      -0.80849640381989907     
   2.2500000000000000      -0.77807319688805754     
   2.2999999999999998      -0.74570521217677765     
   2.3499999999999996      -0.71147335279086754     
   2.3999999999999995      -0.67546318055115984     
   2.4499999999999993      -0.63776470213450720     
   2.4999999999999991      -0.59847214410395810     
   2.5499999999999989      -0.55768371739141798     
   2.5999999999999988      -0.51550137182146527     
   2.6499999999999986      -0.47203054128988375     
   2.6999999999999984      -0.42737988023383128     
   2.7499999999999982      -0.38166099205233323     
   2.7999999999999980      -0.33498815015590666     
   2.8499999999999979      -0.28747801234254639     
   2.8999999999999977      -0.23924932921398445     
   2.9499999999999975      -0.19042264736102954     
   2.9999999999999973      -0.14112000805986974     
   3.0499999999999972       -9.1464642232439733E-002
   3.0999999999999970       -4.1580662433293475E-002
   3.1499999999999968        8.4072473671456312E-003
   3.1999999999999966        5.8374143427576665E-002
   3.2499999999999964       0.10819513453010497     
   3.2999999999999963       0.15774569414324482     
   3.3499999999999961       0.20690197167339597     
   3.3999999999999959       0.25554110202682750     
   3.4499999999999957       0.30354151270842522     
   3.4999999999999956       0.35078322768961578     
   3.5499999999999954       0.39714816728595581     
   3.5999999999999952       0.44252044329484819     
   3.6499999999999950       0.48678664865569526     
   3.6999999999999948       0.52983614090848907     
   3.7499999999999947       0.57156131874233995     
   3.7999999999999945       0.61185789094271625     
   3.8499999999999943       0.65062513706516745     
   3.8999999999999941       0.68776615918398176     
   3.9499999999999940       0.72318812408653932     
   3.9999999999999938       0.75680249530800148     
   4.0499999999999936       0.78852525442637167     
   4.0999999999999934       0.81827711106480983     
   4.1499999999999932       0.84598370107630660     
   4.1999999999999931       0.87157577241536921     
   4.2499999999999929       0.89498935823214520     
   4.2999999999999927       0.91616593675635893     
   4.3499999999999925       0.93505257757145943     
   4.3999999999999924       0.95160207391340801     
   4.4499999999999922       0.96577306066348334     
   4.4999999999999920       0.97753011774025944     
   4.5499999999999918       0.98684385863243573     
   4.5999999999999917       0.99369100385138232     
   4.6499999999999915       0.99805443912000269     
   4.6999999999999913       0.99992325815273797     
   4.7499999999999911       0.99929278992013970     
   4.7999999999999909       0.99616461033032211     
   4.8499999999999908       0.99054653829870321     
   4.8999999999999906       0.98245261621663227     
   4.9499999999999904       0.97190307486872363     
   4.9999999999999902       0.95892428288784648     
   5.0499999999999901       0.94354868087571264     
   5.0999999999999899       0.92581470035573243     
   5.1499999999999897       0.90576666776321690     
   5.1999999999999895       0.88345469371600349     
   5.2499999999999893       0.85893454784609724     
   5.2999999999999892       0.83226751950986766     
   5.3499999999999890       0.80352026473067295     
   5.3999999999999888       0.77276463976341825     
   5.4499999999999886       0.74007752170543339     
   5.4999999999999885       0.70554061661214651     
   5.5499999999999883       0.66924025560925304     
   5.5999999999999881       0.63126717952542233     
   5.6499999999999879       0.59171631260100155     
   5.6999999999999877       0.55068652585864664     
   5.7499999999999876       0.50828039075131182     
   5.7999999999999874       0.46460392373156273     
   5.8499999999999872       0.41976632241373130     
   5.8999999999999870       0.37387969402705318     
   5.9499999999999869       0.32705877688356599     
   5.9999999999999867       0.27942065560934198     
   6.0499999999999865       0.23108447091152318     
   6.0999999999999863       0.18217112467674682     
   6.1499999999999861       0.13280298121895184     
   6.1999999999999860        8.3103565516292055E-002
   6.2499999999999858        3.3197259298144904E-002
