10000
  912
 6509
 2072
 7864
 8891
 7537
 5941
 9652
 7935
 5751
 3878
 5716
 4554
 2449
 1637
 5169
 9992
 3145
 5364
 1512
 4533
 8475
 2028
 5518
 5436
 3400
 4550
 8837
 5054
 1764
 5583
 1000
 3136
 4822
 5759
 1595
 7925
 4618
  448
 6054
 3902
 9090
 7562
 1109
 9549
 4971
 9228
 2225
 3458
 6037
 5894
 4238
 2516
 5514
 4654
 8581
 9971
 5903
 9298
 9606
 6993
 8019
 7056
 2431
 8137
 2609
 4479
 4580
 7065
 7990
 7929
 5994
 9322
 2994
 8849
 8610
 3663
 7693
 1611
 9601
 9306
 2477
 5046
  280
 5000
   42
 6273
 1291
 2688
 4641
 1217
 7362
 9819
 6520
 3126
 6281
 9338
  903
 7719
 8047
 7121
 4251
 5439
 6055
 5232
 2767
 4559
 3246
 5422
 7112
 9659
 8363
 2704
 3780
 1599
 6145
 1280
 2416
 8944
 4230
 7248
  813
 4839
 7972
 3335
 6831
 5940
 6525
 2429
 5150
 6053
 2674
  121
 8378
 5522
 9610
 4697
 6375
 1621
  283
 8002
 1222
 6451
 1778
 6973
 5834
 2701
 3103
 1333
 8582
 6242
  430
 1952
 9965
 6305
 1655
 5448
 9924
  185
 2958
 1699
 5936
 1631
 3605
 9277
 5475
 9182
 1489
 6868
 9230
 5595
 8644
 9220
 9509
 8416
 4082
 1743
 9997
 5802
 4893
 2807
 9657
 2034
  760
 2950
 7206
 7156
 5202
 9894
 7549
 8221
 7254
 3271
 7995
 5563
 4270
 8165
 4863
 7770
 3311
 5086
 7299
 5063
 8590
 1899
 7375
 5537
 3135
 2649
 3512
 6736
 7789
 1782
 9367
 1976
 7968
 5916
 8939
 7660
 4741
 9616
 7219
 2989
  617
 6387
 4400
  629
 4350
 8483
 9761
 6268
 3437
  749
  385
 8818
 2956
 7786
 5102
  366
  769
 9040
 1989
 7025
 5198
 8719
 3266
 5193
 1488
 3717
 2480
 2862
 9720
 8199
 3927
 4959
 5637
 6090
 5763
 6388
 5950
 8351
 8926
    6
 5775
 9231
 1200
 3162
 3600
 5702
 7361
  355
 2309
 9658
 7171
 5275
 1480
 3968
 6402
 8406
  362
 3251
  939
 9514
 1036
 6528
 6728
 3914
 9926
 7843
  399
 7747
 8246
 6944
 2638
 2981
 7923
 6314
  776
 6032
 4658
 9768
 9888
 5125
  518
 3762
 5585
 6640
 1282
 1811
 4031
 2720
 3794
 7392
 7012
 9035
 6872
 6589
 7656
 6334
 4498
 2626
 5870
 5791
 7446
 3570
 7680
 5488
 6124
 4796
 8528
 6429
 9776
 4594
 4782
 8306
 6750
  403
 2107
 9213
 9032
 6312
 4847
 1654
 6111
 4922
  546
 6677
  577
 4579
 8003
  322
  848
 4032
 6330
 4397
 6240
 2650
 5588
 6850
 6982
 6826
  162
 1563
 4860
  446
  991
 7830
 2713
 3379
 7838
  672
 6691
 4290
  146
 7581
 8589
  829
  303
 9795
  952
 8510
 3190
  170
 1917
  565
 7702
 1911
 5134
 6815
 4076
 8967
 5121
 7977
 4962
 7279
 5266
  659
 2133
 7899
 3462
 2199
  496
 9124
 6560
 6442
 5389
 2108
  339
 9638
 8996
 9165
 9224
 5721
 4060
 7845
 8016
 2261
 2801
 1739
 2145
 6236
  702
 6341
 1189
 3824
 5832
 8964
 9680
 1520
 3848
 1043
 2815
  433
 3306
 7267
 8990
 8725
 7407
 4190
   99
 1218
 5358
 1861
 6836
 9596
 9096
 3270
 9448
   20
  651
 8503
 9534
 9474
 2383
 3541
 2935
 4758
 8631
  537
 1428
 6101
 2806
 1411
 8659
  638
 6469
 4600
 5167
 6309
 4814
 2384
 8839
 5566
 5739
 6289
 5181
 3430
  513
 4737
 9352
 3074
 7211
 3076
 4101
  342
 1967
  837
 5130
 5304
 8642
  592
 1918
 1136
 9741
 9021
 2594
 2510
 9854
 3540
 2745
 2275
 2620
 1531
 2300
 5722
 2248
 8568
 2164
 2155
 4211
 6715
 8918
 9955
 9158
 1125
 2756
 9701
 6708
 4452
 6840
  278
 4597
 8724
  958
 9833
 9187
 3048
 5787
 3473
 7298
 3174
 4126
 6731
 4280
 1373
  291
 9733
 8033
 2505
 6460
 3873
 5720
 3674
 3956
 5452
  431
 3602
  977
 3862
 8227
 4518
 2134
 1288
 1716
 7891
 6417
 2432
 4355
   63
 9752
 1798
 9905
  392
  495
  862
  491
 9632
 7022
 5003
  713
 6527
 6463
 3452
 9074
  900
 2071
 4344
 3253
 7706
 7270
  591
 6271
 1882
 7721
 4936
 8237
 8101
  600
 3699
 3853
 3147
 1657
 1615
 2293
 1561
 7761
 1102
 4537
 7295
 1869
 8288
 3448
 8745
 2842
 2093
 3591
 6811
 1767
  110
  870
 7239
 2163
 7345
 4755
 6253
 1877
 6814
 3920
 4694
 7554
 7425
  420
 1871
  938
 4934
 2087
 3849
  369
 5484
 6452
 8949
 1523
 2803
 1148
 8764
 2334
 1921
 3562
 7828
 3608
 4428
 6480
 7486
 8159
 5059
 2269
 8854
 4366
 1594
 5607
 9787
 6089
 3105
 6785
 6965
   44
 2042
 4833
 4042
 6894
 4687
 3611
 6768
 5513
 5458
 3365
 9369
 5531
 5012
 1265
   39
 5391
 1706
 7431
  686
 2400
 7141
  601
 2091
 7040
 7630
 4997
 9006
 8354
 7463
  253
 3889
 2417
 4458
 5197
 5714
  416
 5493
 3832
 7117
  916
 2743
   54
 4793
 2047
 3248
 7882
 2940
 1257
 9907
 9584
 1833
 1719
  623
 7652
 9375
 3380
 9987
 3740
 3039
 2606
 6336
 1690
 2393
 3582
 5415
 5691
 6047
 7502
 2236
 3492
 6605
 9159
 2760
 3182
 2010
 1973
  639
 1381
 6315
 8797
 5143
 9438
 9108
 8249
 9643
 4970
 7804
 3438
 5536
  451
 3839
 2570
 1975
 5693
  604
 6645
 1246
 8559
  731
 9255
 1928
 6694
 1626
 1248
  500
 4632
 1891
  740
 9702
 3724
 3159
 1638
 2880
 6013
 7933
 8974
 7915
 2668
 1527
 9524
  316
 5296
 6617
 4732
    8
 3906
 1073
 7154
 7860
 4665
 4404
 2521
 6824
 5545
 4601
 5506
 9346
 5307
 8604
  777
 8696
  550
 4358
 3572
 5935
 2883
 3810
  791
 6879
 2241
 6389
 9988
 4422
 1769
 9966
 1442
 1802
 7475
 4593
 1004
 1650
 7382
 1422
 7200
 6308
 1718
 7414
 3785
 5325
 5158
 9475
 9745
 9523
 9480
 6943
 8698
 1953
 7975
 1864
 3177
 3999
 1470
 4772
 5047
  444
 2995
 8546
 6602
 8177
 4753
 7306
 9360
 7286
 4516
 1634
 5860
 8224
 7201
 1969
 9027
   28
 5884
 5009
 2618
 1129
 6958
 1685
 5799
 3265
 9661
 7031
 8632
 8985
 7401
 7051
 2616
 9823
 3165
 1093
 9236
   76
 3989
  558
 1094
 3696
 6860
 2840
 4723
 6880
  771
 1873
 9437
 3746
 3268
 7682
 9152
 8181
 9772
 5229
 2434
 5756
 2036
 6201
 1104
 9194
  207
 7892
 2501
 2401
 6478
 1289
 2392
 8027
 2960
 1308
 3521
 9344
 9348
  467
 1249
 4773
 4376
 9961
 7474
 4526
  787
 2905
 9847
 2318
  956
 4762
 2503
 5424
 1022
 9141
 9421
 7820
  435
 5815
 9574
  486
 3252
 5835
 2227
 6584
 4643
 1710
 8223
 8107
 3455
 4574
 9623
 5053
 9053
 7191
 8733
 1540
 3386
 3065
 7371
  463
 7242
 1412
 8423
 2490
 1737
 3615
 8639
 8748
 9681
 6936
 8189
 6022
 7232
 4360
 3587
 9896
 9106
 2587
 3686
 7128
 4212
 7654
 9064
 8321
 4195
 4306
  548
 1117
 6620
 2802
 3628
 4267
 7836
 1829
 7560
 9223
 9340
 8263
 7528
 2966
 2860
  995
 2689
 5817
 9960
 1056
 2138
 7296
 3497
 8259
 5982
 4356
 7125
 2632
 9451
 2004
 5360
 2719
  689
  865
 8624
 4286
 2923
 7098
 2430
 7926
   66
 7999
 8065
 2640
 8558
 7609
 6567
 1538
 9502
 7883
 8333
 6654
 9999
 5628
 2356
 9986
 1330
   52
 7451
 8422
 3349
 6142
  824
 1434
 6700
 1927
 4688
 4078
 1165
 5273
 8424
 7050
 2298
 6394
 9506
 6419
 1114
 4875
 1371
 1298
 7558
 3138
  318
 5036
 9968
 5120
 8158
 1539
 7220
 7598
 9235
 3869
 7753
 7421
 1506
 5111
  447
 2409
 3913
 7164
  429
 8943
 6370
 5008
 5528
 6804
 2716
 3880
 1302
 6175
 9190
 9644
 4692
 9581
  723
 1729
 3732
  586
 6252
 7930
 4156
 2892
 8866
 2836
 4359
  195
 9935
 1221
 2814
 2122
  945
 4673
 9137
  948
 6774
 5234
  333
 8387
 9157
 7669
 7538
 7546
 7993
 3150
 3791
 1863
 2327
 1304
 3361
 1377
 3223
 7690
 7988
 2359
 3772
 3249
 5013
 4808
 8173
 1285
 1076
 3897
  685
 9788
 2499
 6743
 2092
 3797
 2913
 5684
  445
 4091
 8381
 2747
 2548
 7428
  733
 3012
 8593
 8757
  737
 6379
 7235
 6851
 3603
 2370
 8327
  645
 4193
 5926
 7643
 1048
 2848
 6518
 4739
  118
 5899
 1145
 2181
 7746
 7964
 1700
 1919
  944
 8588
  921
  570
 2159
   17
 3598
 9505
   48
 1157
  663
 7640
 6676
 7854
 7811
 1327
 5902
 4765
 6244
 2451
 3250
 4321
 7707
 8739
  288
 9245
 1612
 3096
 3355
 5007
 4585
 3469
 3011
 5180
  180
 1143
 2342
 9390
 3313
 6322
 4142
 3208
 6550
 8682
 5530
 3509
 4327
 3359
 3405
 8389
 9250
 5165
 8826
 3008
  105
 7353
 9517
 4865
 3170
 9039
  789
 9408
 5869
  743
  745
 1601
 1848
 4829
 4311
 6661
 4469
 5656
 7053
 2001
 2117
 4892
 4931
 4275
 1996
  148
  794
 2964
 5651
 3714
 9121
 5209
 9901
 2970
 6085
 2152
 6297
 9147
 6545
 7922
 8542
 1711
 5983
 8471
 2764
 3771
 9793
 6231
 5577
 4467
 8241
  838
 7346
 8459
 7793
 5076
 5347
 3863
 9845
 9398
  738
 3720
   21
 6196
 8924
 4021
 2137
 3082
 6891
 6339
 4070
 3510
 9541
 3761
 8208
 4801
 5287
 2693
 9624
 8895
 3346
  423
   70
 8030
 2109
  847
 3827
  933
  257
 4033
 8729
 8995
 7271
 8867
 4025
 6693
 1671
 7759
 6937
 9134
 5399
 4370
 4735
 8280
 9780
 8258
 3767
 7268
 3366
 5644
 9195
  661
  779
 8587
 5784
 5985
 8103
 2344
 5250
 4828
 7069
 5269
 1403
 7635
 2544
 2597
   68
 8686
 2475
 2231
 4606
 3247
 7859
 2125
  269
 7224
  741
  932
 1016
  668
 2502
  308
 9920
 8982
 5182
 1300
 7021
 8781
 8845
 8703
 8132
 5587
 9885
 7284
 1636
 5613
 7307
 2557
 5285
 9170
  962
 9914
 3358
 5116
 1314
  282
 8666
 9296
  996
 3652
 5785
 6578
 4029
 6610
  676
 5087
 5408
 9691
 1554
 2278
 3389
 4536
 1378
 2307
 2098
 3625
 6276
 7124
 3872
 8106
 2339
 8938
 4578
 4872
 9092
 9389
 7106
 8754
 8469
 1653
 3464
  556
 7001
 6353
 8785
 8192
 5083
 5639
 8809
 3818
 2186
 2406
 2389
 3764
 4905
 7900
 3329
 8251
 2187
 1880
  387
 1122
 5689
  329
 3187
 5801
 5863
 2140
 9884
 7368
 4619
 8662
 1652
 7756
 9550
 1153
 7007
 8210
 6186
 3340
 6629
 1784
 2247
 1731
   43
 8656
 2055
  839
 7166
 9647
 8176
 5789
 4940
 9370
 2500
 6132
 9922
 8168
 1708
 1027
 3238
 9127
  343
 7601
  473
 7839
 9050
 4135
 8055
 4497
 6393
  260
  475
 3273
 7991
 3443
 7763
  358
 4986
 5147
 4983
 2412
 5928
 1674
 4008
 3404
 1971
 7596
 3728
  374
 7949
 6646
 5425
 7123
 9717
 4011
 9288
 8330
 4407
 6420
 8190
 4385
 5384
 6587
 6932
 7948
 5783
 3341
 5838
 8174
 9388
 2285
 5685
 2226
 7227
 9830
  432
 9347
 1054
 5455
 2588
 1225
 9646
 6506
 6198
 8677
 1171
 8028
 9320
 8293
 8186
 9734
 6029
 2515
 9303
 1407
 6873
  850
 2672
  692
 7017
 7113
 1692
 1181
 8286
 9928
 5678
  347
 2037
 8553
 4420
 7234
 4066
 3258
 4192
  744
 8863
 7868
 1306
  719
 2891
 7940
 8100
 1872
 7914
 9464
 4374
 8771
 6739
 4563
 2525
 7464
  896
 2648
 1502
 5329
 4471
 1448
  485
 6206
 3100
 3395
 4252
 8368
 6453
 5701
 7043
  901
 5038
 3062
 3319
 1499
 9870
 3318
 1648
 9735
 4963
 9528
 7275
 2876
 1870
 4610
 8984
  879
 9775
 3961
   24
 7664
 7657
 6109
 8848
 1400
 1099
 2867
 2484
 6337
 8793
 8211
  867
  229
 5432
 7456
 4946
 8026
 5508
 9695
 5790
 1724
 4943
 3765
 9281
 6798
 5495
 2795
 2112
 6230
 3070
 5774
 7437
 6634
  327
 4616
 7566
  928
 3702
 3014
 5758
 8812
 4328
 9192
 7264
 2590
 8961
 6536
 6491
 6688
 5921
  137
 8576
 2865
 3749
 4955
 4088
 4523
 1883
 3777
 1817
 4633
 8549
 9065
 7255
 1741
 6115
 2791
 5770
 6225
   90
 3960
 5888
 1553
 1656
 8541
 6535
 7572
 4196
 7772
 6060
 3877
  344
 7172
 9704
 4966
 4030
 2314
 1106
 5041
 3930
 3586
 4460
 3783
 1763
 5373
 6425
 6043
 3294
  688
 9963
 8635
 6942
 9692
 5419
 8560
 5780
 3904
 9062
 4913
 4269
 3984
 4895
 4266
 5806
 3994
 5858
 3392
 6104
 6148
 7603
 2547
 8213
 2452
 3476
 9431
 5262
  354
 4148
 6222
 4341
 6663
 1360
 1754
 1507
 6498
 4436
 3115
 7983
 8824
 8126
 4399
 1991
 3151
 1644
 2881
  391
  301
 5850
 4263
 7858
 7333
 4217
 1838
 9640
 4090
 8452
  667
 1307
 9462
 7126
 4111
 6776
 8742
 1705
 9037
 4672
 9537
 7543
 5882
 8836
 4038
 1896
 3032
 7684
 1119
 5732
  492
 8256
 3646
 5507
 6829
 1273
 4881
 6283
 7498
   27
  106
 4810
 3511
 9876
 5383
 8620
 1732
 1161
 9279
 1573
 7986
 9668
 2313
  755
 5025
 2575
 2322
 1528
 9590
 4602
  141
 6622
 7715
 4364
 6243
 6664
 1431
 6361
 7006
 9600
 5712
 4325
 3102
 1019
 4072
 3981
 1131
 2468
 6870
 3840
 4123
  610
 1760
 1127
 7969
 9934
 9853
 7077
 8569
 6990
 9672
 2710
 9057
 8778
 5877
 6876
 2289
 4581
  100
 9234
 5730
 7479
 1175
 6290
 5519
 9184
 5749
 1406
 6461
 6782
 2903
  419
 3402
 9880
  886
 6190
 5268
 9175
  644
   59
 5017
  861
 6679
 1847
 6991
  452
  531
 3106
 5279
 7253
 6250
 9688
 7337
 3933
 6857
 8699
 9156
 1619
 3314
 2024
 2239
 2819
 1177
 1253
 1635
 2800
 6065
 3352
 2604
 8720
 1721
 2825
 3865
 2770
  306
 1513
 4229
 1133
 7529
 2113
  246
 1021
 5833
 5395
  810
 8045
 5682
 9114
   14
 8737
 9293
  183
 6015
 7917
 7523
 6088
 8820
 5768
 7803
 9803
 5956
 3831
 2021
 3195
 2410
 9051
 8250
  898
 4431
 4724
 5037
 8012
 8325
 9442
 7402
  427
 5085
 8093
 1981
 9077
 6189
 2179
 6398
 6737
 3005
 9813
 2027
 7250
 1420
 1809
 5376
 1968
 1839
 8780
 7936
 5727
 6151
 4170
 8315
 3144
 2596
 9964
 4068
  632
 4300
 9560
 2882
 2658
 4201
 1920
 4634
 3627
 4664
 3046
 3173
 9895
 6333
 1675
 2033
 8008
 1759
 7460
 5797
 8149
 4396
 6251
 1286
 8006
 5621
 9400
 5959
 7033
 3518
 6437
 2121
 8242
  526
 3644
 3559
 1906
 5487
 3815
 5987
 9650
 2643
 3419
 5771
 8291
 5969
 5699
 8975
 5390
  304
 3925
 3952
 8359
 6911
  262
 8977
 2296
 7366
 9666
 8257
 2988
 3139
 4067
 8900
 9665
 2115
 8649
 8652
 5498
 7736
 5078
 7688
 5971
  376
 3326
 9511
 3069
 5020
 3619
 4846
  123
 1541
 6048
 8630
 7080
 3500
  389
 6885
 2951
 6327
 5549
 2955
 7994
 2875
 8821
 1505
 8986
 8090
  488
 2223
 3547
 7779
 4443
 1417
 6896
 7941
 8312
  937
 3334
 2000
 5469
 7599
 6753
 8692
 3109
 7090
 4678
 8617
 9917
 5825
 3264
 2421
 5215
  784
 9604
  873
 7269
 2949
 8281
 2441
 1357
 5819
 9068
 7491
 5738
 4464
 8185
  630
 5099
  576
 1726
 6176
 1579
 4373
 5164
 4859
 4890
 9998
 6455
  196
 1237
  814
  569
 4715
 2930
 6172
  969
 3850
 6898
 2777
 3429
 6833
 3360
 5991
 1323
 9070
 8916
 7762
 4387
 3415
 9256
 5356
 1174
 7775
 6738
 8919
 7225
 6869
 9378
 8753
 6203
 4627
 8409
 7484
 4219
 1793
  705
 9827
 5602
 2373
 8608
 6067
 5997
  520
 1630
 1089
 1753
  541
 1597
 9806
 5293
 8427
 1070
 5509
 5670
 6740
 2064
 3254
  144
 9871
 1151
 5754
 1490
 7478
 5752
 5156
 9169
 7480
 9621
 3837
 8736
 2939
 2532
 7042
 4034
 5097
 6191
 5630
 2514
 3786
 1600
 5316
 1205
 8563
 6537
 3057
 2031
 9569
  622
 7978
 5600
  805
 6003
 5370
 4930
 9379
 5090
 1319
 9674
 4357
 1766
  580
 9578
 4481
 1050
 6517
 5492
 4942
 3127
  918
 9150
 6603
 7704
 5101
 5204
 1010
 5617
 6400
 6329
 8214
 3828
 7095
  508
 5072
 2750
 2414
  408
 8791
 9459
 3826
 1144
 4432
 8123
 1945
 9102
 4777
 9397
 1235
 6887
 1387
 4874
 9179
 1929
 8929
 9948
  325
 9432
 4151
 9706
 8628
 7376
 3305
 6711
 8734
  828
 5224
 7517
 1272
 6619
 5397
 2130
 2196
 6328
 7177
 3642
 2188
 4363
 5406
 8870
 7514
 2678
 5402
 7905
 1074
  871
 3895
 5379
 6500
 9447
 6539
 6197
 7553
 1215
 7639
 9957
 2890
 7550
 1283
 9198
 5270
 8112
 7659
  764
 4459
  926
 2804
 8683
 7644
 1224
 7594
 2158
 1926
 9755
 9019
 1571
 2144
   46
  536
 9545
 3123
  372
 4898
 9453
 3758
 7963
 2204
 2980
 9539
 6483
 5289
 2831
 9684
 9089
 2786
 4318
 6718
 5069
 7344
  624
  872
 7504
 3302
 8506
 3618
 8575
 5663
 6418
 2310
 6642
 1790
 9209
 7231
 8178
 2435
 6147
 8779
 6812
 9436
 5122
 8787
 9434
 8789
 8104
 6223
 5683
 7716
 5746
  252
 6238
  625
 2565
 2826
 1251
 5244
 8646
 6062
 3523
 5109
 5520
 4624
 1939
 7367
  653
 7699
 2912
  302
 9518
 4639
 4487
 4706
 4803
 5636
 2238
 3055
 1192
 7466
 9618
 6565
 8486
  501
 5606
 1529
 5880
 3394
 8951
 9083
 8640
 5177
 1658
 3316
 1679
 8403
  855
 5500
 9636
 9123
 4295
 6310
  649
 2281
 9796
 6378
   73
 8928
 4704
 6762
 8509
 7918
 9577
 7214
 5524
 2902
 5026
 7398
 8050
 2195
 3701
 5162
 1617
 4128
 2927
 6084
 2074
  182
 3888
 8688
 9023
  104
 7527
 8141
 5278
 7741
 7459
 5694
  904
 1178
 3133
 9321
 2998
 1576
 9094
 6071
 5247
 9679
 6867
 8760
 8420
 1672
 7433
 2011
 5094
  971
 4414
 1186
 9441
 7391
 4441
 6024
 6181
  388
  557
 8715
  934
 6656
 1232
 5254
 7046
   45
   87
 3883
 7742
 4204
 7140
 3549
 8020
 7633
 6058
 3221
 4932
 3315
 2625
 7229
  876
 5853
 8058
 8385
 4603
 9698
 4834
 7774
 1146
 1902
 8572
 9930
 8518
 2273
  895
 3640
 9625
  244
 1267
 7853
  785
 7540
 4319
 9552
 5581
 4314
 5504
 7300
 5931
 9835
 7958
 8843
 9715
 7954
 2193
  547
  418
 6635
 4722
 5203
 5005
 2670
  527
 3051
 1575
 1751
 4022
 9295
 3606
 3534
 7178
 5798
 2973
 1536
 2381
 7148
 3996
 5213
 5435
 2866
 2942
 6763
 3153
 8207
 2017
 2457
 3257
 4530
 6813
 6788
 6847
 6757
 9958
 8453
 1831
 9287
 8196
 8597
 4698
 5473
 7731
  768
 6675
 6623
 2602
 8667
 8957
 6807
 3835
 1585
 1213
 7249
 6921
 2711
  154
 5187
 8954
 7327
 5737
 6431
 9612
 4534
 1290
 8501
 6028
 7492
 6494
 7973
 7730
  468
 3538
 1622
 1479
 5658
 6166
 2483
 8303
 9122
 7513
 2096
 4390
  746
 5095
 8449
 3520
 9136
 4800
 8004
 6462
 5886
 3020
  615
 6752
 5016
  442
 9383
 9276
 9395
 2509
  677
 6056
 8212
  803
 8927
 1933
 2157
 6169
 5220
 8741
 6966
 9324
 6579
 9543
 3488
 3368
 7641
 1937
 5284
 7910
  619
 4787
 9363
 9497
 3871
 9575
 2684
 1437
 3856
 7027
 6448
 5497
 2929
 2665
  860
 3830
 8073
 1321
 2135
 3624
 2259
 8811
 9274
 6044
 1415
 5679
 7347
  987
 2580
 3239
 6707
 3954
 5872
 1348
 5954
 1627
 4621
 3812
 2722
 8663
 2746
 1086
 8832
 8300
  669
 8428
 1910
   91
  575
 7867
 2022
 3684
 5914
 5750
 3030
 9848
 3496
 3161
  361
  221
 9501
 1761
 3533
 9839
 1892
 1335
 8450
 6014
 9918
 1454
 3607
 3120
 8408
 6848
 7035
 3639
 3098
 7319
 4249
 3995
 7005
 1663
 6005
  238
 1045
 7996
 1270
 7960
 6199
 1137
 7365
 2240
 2197
 7082
 2045
 2032
 9915
 9455
 7413
 7013
 8193
 6714
 9519
 9639
 8332
 1158
 5412
 2131
 8276
  942
 5138
 1704
 8464
 1944
 3799
 9599
 2390
 5381
 9410
 2399
 8367
 4421
 6173
 1696
  129
 8130
 1297
 7849
  808
 7003
  560
 9210
 9952
  757
 8375
  859
 6858
  589
 3460
 5259
 9118
 5766
 8887
 9262
 5280
 4482
 9857
 4056
  908
  599
 4827
 1149
 5999
  449
 8711
 1803
 6192
 2934
 4171
 3545
 1884
 4037
 1065
 4437
 7049
 8124
 1092
 1063
 4853
 8888
 9212
  559
 8283
 5923
  648
 3353
  477
 8133
 6971
 9826
 9440
 3112
 2086
 2641
 9705
 5105
 4484
 5675
 3279
 7435
 8980
 3002
  294
 6626
 6608
 9332
 4820
 9126
 1792
 8561
 6834
 2621
 6391
 1949
 8823
 7661
 7308
 3822
 1788
 5482
 2861
  710
 6321
  476
 2015
  139
 4343
 8153
 2957
 8923
  542
 2062
 9418
 2561
 7400
 5562
 2445
 6113
 3735
 5665
 2136
  674
 9362
  947
 7289
 1410
 8357
 6770
 4250
 5641
 9486
 5184
 7314
 6569
 4121
 4104
 8621
 4686
 5179
 7953
 8592
 1821
 8830
 7508
 4133
 6307
 9081
 4322
 8773
 9493
 3241
 8921
 9272
 2233
 5446
 4751
 6228
 2460
 2751
 9898
 8326
 9387
 4180
 4779
 1115
  248
 2785
 7777
 4272
 5590
 2695
 7597
 2841
 6401
 6033
 7485
 6073
 8744
 8188
 2537
 1914
 7133
 8966
 5206
 4869
 9218
 3553
 7507
 9863
 5626
 2992
 8548
  265
 8254
 4569
 3307
 6410
  255
 3035
 7389
 9319
  906
  425
  856
 3128
 9784
 9196
 6989
 9719
 1263
 1518
   75
 4274
 1736
 6744
 5511
 7629
 9887
 8032
 1866
 1510
 1363
 1727
  691
 8770
 8127
 6841
 9267
 6133
 7809
 2830
  509
 4790
 3232
 6615
 6690
 7567
 8129
  894
 5948
 6344
 7852
 1609
 8160
  472
 1007
 7691
 6235
 9119
 8969
 5764
 5305
 2208
 4077
 7916
 6706
 9407
 2593
 6681
 5534
 2306
 4378
 4345
 2558
 4454
 5901
 3167
 1905
 9564
 1970
 2079
 9107
 1316
 9337
  165
 8310
 7642
 3175
  568
 4361
 7004
 2576
 1208
 3413
 7302
 6117
 3043
 2977
 4023
 6291
 8497
 9866
 6631
 2985
 2759
 6016
 9767
 5257
 2834
 3483
 7833
 6325
 7195
 5462
  498
 7455
 9492
 7578
 6601
 4055
 6382
 3838
  635
 4749
  404
 6074
 4093
 7671
 6696
 7322
 3331
 6594
 1068
 9903
 6162
 2753
 2185
  266
 2029
 5635
 8265
 2779
 3431
 2198
 3117
 8716
  555
 3847
 2051
   85
 1370
 9631
 7718
 1813
 5913
 8116
 9364
   92
 8609
 2056
  816
  752
 5564
 5502
 3478
 7288
 4696
 8723
 4103
 2979
 3224
 9861
 4504
 3006
 1786
 4277
 6270
 7341
 6118
 1720
  781
 1508
 5324
  774
 3592
 7649
 2330
 5282
 9155
 6232
 1214
 1455
 3595
 3633
 4670
 7818
 8973
 9544
 4683
 7878
  846
 4841
 9376
 1783
  985
  959
 3410
  711
 7816
 2843
 4972
 9673
 6748
 9825
 8769
 8179
 3892
 2473
 7626
 5178
 9817
 5283
  462
 3439
  215
 9765
 8267
 5371
 1320
 9591
 7618
  684
 4844
 5612
 1625
  256
 3376
10000
 7723
  203
 5043
 6195
 6499
 3854
 3073
 5881
 2793
 7277
 9859
 1851
 9467
 7631
 1948
 2680
 6369
 1774
 1394
 3441
 6828
 8914
 7011
 7945
 8171
 3054
 7785
 6580
  324
 7573
 2534
 2237
 7411
   71
 6482
 9004
 6107
  364
  821
 1661
 2464
  883
 7357
 8816
  728
 7304
 8444
 8566
 3116
   93
 4794
 4967
 4705
 9359
 5664
 1155
 5201
 9929
 7115
 2685
 2297
 8494
 4226
 6695
 3915
 9648
 3502
 7802
 2740
 4894
 9902
 9084
 3345
 1703
 2885
 7584
 6547
 2365
 3971
 4007
 5854
 7097
 2388
 7998
 6606
 3703
 6248
 1701
 5175
 2265
 7613
 1196
 8121
 4631
  504
 7408
 9513
 2780
 6038
 2827
 7122
 1722
 8120
 1519
 9962
 6171
 7330
  201
  184
 1893
 9785
 8615
 5414
 9890
 7273
  596
 2353
 3436
 7856
 8912
 1254
 5210
 5361
 4923
 1392
 9738
 5106
 1113
  655
 8201
 5718
 5933
 7145
 6288
 1472
 8417
 1313
 8552
 1534
 2368
 3922
 9764
 1868
 4349
 2080
 1180
 5132
 9645
 6254
 2398
 7985
 1197
  470
 5100
 7312
 1725
 7352
 2073
 3759
 7714
 3255
 3132
  145
 1112
 4529
 8838
  595
 9203
 5984
 4989
 5421
 6713
 4649
 5640
 2292
 5136
 3953
 5044
 5734
 4383
 3049
  935
 6820
 5091
 7586
 1797
 6930
 9730
 1867
 3792
 7634
 9403
 1031
 5426
 2474
 7673
 9060
 8218
 6653
 4302
 1389
 4293
 8765
 2782
 2613
 7259
  396
  881
 3886
 4837
 4947
 5893
 8872
 1484
 8511
  466
 9683
 5230
  675
 8932
 2018
 9221
 1243
 9781
 4475
 3202
 5227
 5238
 9686
 8584
 2335
 3017
 3833
 6257
 8806
 7010
 2715
 6472
 9168
 5729
 6187
 2148
 2707
 6492
 8468
 7103
 6992
 5707
 4774
 8175
 6046
 9318
 9085
 7147
 2043
 1695
 5170
 9802
 6444
 2423
 5800
  972
 9808
 9160
 6765
  371
 6733
 6182
 2369
 5142
 9326
 4391
 7024
 6862
 6787
 5989
 6434
 3015
 5843
 1281
  778
 2178
 4902
 8379
 6185
 6200
 7822
 7810
 6904
 2771
 6489
  603
 9485
 6945
 7482
 3560
 4102
 6239
 6368
 7912
   41
 3596
 7038
 8009
 7052
 7101
  481
 1424
 8005
 9841
 4650
 1808
 9663
 1800
  571
 6468
 6984
 9290
 6095
 5393
 2738
 1749
 5794
 4138
 5676
 6025
 3089
  656
 5645
  751
 6997
 6010
 4995
 1239
 7840
 1047
 3454
 4562
 2520
 4043
 2900
 1398
 1436
 7987
   69
 2963
 4556
 9985
 6627
 3821
 9333
 9749
  800
 4927
 1659
 4214
 4635
 1990
 4795
 9219
 2345
 4509
 9316
 6359
 4598
 5859
 8727
 1135
 2361
 2084
 1160
 5603
 7895
 4754
 1822
 4576
 6306
 6292
 9654
 7116
 3949
 9176
 4175
 6553
 3445
 3425
 4840
 5559
 3451
  214
 9910
 9445
 4492
 1354
 3990
 5308
 7944
 2035
 4668
 2852
 4112
 4248
 5917
 1399
 7349
 8317
 8393
  279
  552
 2371
 4501
 5620
 6286
 3725
 3730
 9469
 1993
 9565
 8971
 2592
 4335
 3563
 7943
 4548
 4489
 2681
 8864
 8017
 7416
 5584
 8477
 1459
 2162
 2448
 3803
 4113
 3025
 3137
 4462
 4584
 2622
 9710
 8046
 7937
 5031
  101
 4565
 7424
 7179
 5572
 4177
 5708
 9067
  290
  943
 4119
 1964
 6299
 7144
 4956
 9275
 7247
 5068
 2718
  489
 5027
  192
 3324
 3744
 4671
 2116
 1849
 8478
 6649
 3795
 1423
 6734
 2755
 4242
 7320
 3184
 9883
 9615
 5569
 8284
  582
 2271
 4203
 3091
 6624
 5958
 8952
 2954
 6559
 8539
 8972
 8205
 7278
 7468
 3689
 9579
 1261
 5690
 2511
 5709
 5218
 9225
 6450
 8396
 9588
    2
 3916
 2340
 2082
 7292
 3041
 2978
 3163
 8134
 3852
 4880
 7423
 9856
 2114
 2976
 5822
 3457
 8343
 4852
 9526
 8000
 3579
 7483
  786
 9269
 1452
 8372
 3964
 1932
 6975
 3673
 5844
 9931
 5480
 1666
 9270
 2527
 1482
 9171
  314
 4693
 2823
 2874
 6050
 6045
 3576
 9336
 3505
 2462
 8738
 4153
 9791
 1292
 7041
 4948
 8434
  875
  889
 2291
 8488
 6616
 2601
 9941
 4048
 6938
 1853
 4906
 3146
 9525
 7725
 1430
 9762
 6669
 6135
 7698
 7769
 8545
 1852
 7708
 9133
 1693
  232
 5248
 8520
 7592
 4759
 1702
 6974
 9731
 4049
 7355
 9576
 9794
 8689
 4375
 2142
 9317
 6543
 1503
 1687
 1566
 5290
 1352
 1108
 8657
  920
 3018
 4809
 8298
 5944
 5048
 2308
 4929
 4185
 1194
 5857
 5986
 9937
 4646
 9515
 7085
 8813
 3312
 5392
 1623
 6884
 7920
 2220
 6928
 4570
 5878
 1324
 6245
 2436
 7897
 8751
 8413
 8691
 3090
 7872
 1639
 6007
 4520
 9044
 5317
 5824
 4507
 7246
 5976
 9461
 8431
 7212
 5836
 5249
 2090
 3067
 7520
 7023
 6933
 5039
  258
 9030
 9664
   31
 1913
 8240
 1230
 1347
 5353
 3169
 6219
 9491
 5233
 3752
 8248
 9760
 7655
 3101
 6889
 8252
   16
 9358
 3551
 1384
 6423
 5748
 7496
 4210
 9048
 7979
  665
 3085
 3943
 5460
  323
   74
 6531
 4402
 4958
 4395
 8573
 8607
 4050
 9531
 1549
 2699
 2974
 2849
 1279
 6158
 7974
  523
 2488
 9294
 8353
 4036
 4524
 4710
  878
 1264
 7377
 4681
 2337
 8146
 9727
 6585
 9087
 7397
 1907
 5565
 1156
 1077
 1810
 5313
 1998
 1497
 6637
  379
 8537
 6208
 5135
 2645
 6792
 5211
 8066
 1781
  150
 9026
 1278
 8721
 4752
 4636
 9911
 6155
 9307
 7539
 9627
  234
  114
 3276
 7705
 1018
 1543
 8279
 5543
 5433
 6123
 4736
 4747
 1183
 8910
 3727
 5006
 4885
 1358
 3978
 6408
 2282
 6864
 1640
 6301
 5961
 1772
 2192
 2677
 3399
 7717
 3283
 6262
 7801
 9017
 8295
 7274
 4184
 5297
 6249
 9312
 4198
  167
 2103
 4899
 3807
 5372
 8445
 4743
 9487
 9361
 7381
 9380
 3620
 6767
 9991
 3557
   51
 3554
 4968
 3200
 8638
 5542
 2349
 6340
 5333
 7192
   55
 7282
 2895
 4085
 6356
 3819
 6465
 9173
 5299
 2541
 3997
 6607
 2611
  220
 3285
 7228
 2336
 4848
 6956
 6918
 6432
 4583
 4499
 6125
  852
 6979
  572
 5108
 3142
 8161
 7170
 2538
 7241
 9374
 8122
 1082
 9428
 8931
 8352
 7078
 1328
 6582
 6363
 9783
 7102
 3664
 2663
 5217
 9713
 2295
 8440
 5084
 5937
 6779
  177
 9345
 1491
 8157
  620
 5576
 7743
 2724
 6205
 7600
 6566
 8623
 4096
 5417
 9327
 6964
  243
 9402
 6875
 6672
 4057
 2302
 5503
 1762
 3778
 8167
 1517
 8616
 9284
 5345
 6214
 4819
 5560
 7331
 5953
  307
 9302
 4702
 6057
 8827
 5474
 4367
 1344
 7545
 1581
 3736
 8515
 9746
 9013
 4417
 5205
 1941
 2991
 9595
 4757
 1172
 8384
 1053
 5550
  119
 7473
 3651
 2742
 5365
 7582
 6931
 4281
 8437
 3047
 1141
 7651
 5338
 8594
 3713
 6218
 4805
 1212
 5407
 5558
 9454
 9906
 7672
 2797
 7207
 3641
  931
 1752
 9500
 9088
 8235
  395
  312
 4685
 2667
 4784
 5011
 5362
 9580
 6754
 8794
 7875
 4659
 9012
 6202
 4718
 4332
 2476
 3809
 1940
 5050
 1152
 8075
 5876
 2600
 6371
 5964
  440
 7927
 3525
   26
 3472
 3382
 2019
 3201
 8697
  417
 3528
 9049
 1134
 5133
 4917
 2540
 8544
 1900
 7604
 8470
  640
 9675
 2829
 4094
 8433
 8521
  984
 7966
  877
 2120
 2424
 1574
 5382
 7378
 4377
 5271
 1785
 3577
 2922
 5883
 5049
 8636
 7694
 9222
 8102
 7942
 1936
 7169
 2726
 5188
 6440
 2063
  836
 6901
 4935
 2566
 3388
 7167
 9536
 3543
 4708
  210
 8847
 7806
 4371
 7697
  716
 4991
  426
 2765
 9009
 2859
  464
 7797
 4236
 2407
 3634
 6481
 4026
 9822
 7188
 3734
 1842
 9844
 8871
 6160
  503
 4788
 1201
 4609
 7773
 2896
 8432
 8522
 9821
 1369
 8457
 9743
 7894
 2659
 5601
 6526
 8340
 2662
 9535
  717
 4150
 5314
 1980
 1535
 6549
 5705
 3332
 7469
 8786
 8884
 7149
 3733
 5400
 5592
 5240
 5253
 7176
  899
  706
 9613
 3556
 5568
 6611
 6217
 1500
 2200
 2244
 1247
 8799
 6079
 5351
 9498
 4244
 3211
 5865
 2584
 4545
  646
 6795
 4728
 8637
 6950
 4573
 9061
 8702
  695
 5757
 3393
 4071
  662
 5326
 8880
 4435
 3193
 1628
 3661
 4682
 2697
 2591
 8044
 5762
 4613
 5394
 3480
 8429
 5955
  173
 1227
 9739
 8290
 4246
 2218
 3942
   22
 4512
 6540
 7767
 5141
 6479
 4220
 4304
 9789
 6140
 4106
 8909
 4535
 4567
 2325
 5291
 7679
 5512
 5332
 1139
  982
 9864
 2323
 1015
 8922
 9742
 2446
 3385
 7754
 9716
 3564
 8645
 7325
 7595
 6574
 8219
 5336
 6503
 5868
 1836
 3506
 9869
 1620
  919
 1052
  551
  107
 2301
 9468
 2562
 8695
 2346
 7088
 2078
 1425
 8404
 2850
 6972
 1955
 7203
 3118
   36
 7919
 1303
 6159
 5310
 7159
 2016
 7612
 6913
 3712
 8869
 9763
 2962
 3825
 3519
 4734
 7748
 3350
 9728
 7030
 7788
 3741
 1698
 4868
 6746
 4419
 1733
 2790
 6466
 4944
 2810
 3867
 4287
 9233
 6260
 3678
 8959
 6618
 2773
 9943
 9797
 8868
 8070
 6143
 1744
  748
 3487
 1501
 8804
 6793
 1014
 1824
 5638
  606
 1395
 4513
 3532
 9558
 9676
 9649
 3140
 4701
 1979
 6404
 4157
 9737
 2805
 6127
 8314
 5855
 1207
 1734
 8364
 7443
 8054
 2835
 4451
 6712
 8245
  424
 6112
 2959
 9977
 9979
 3320
 5979
 8851
 1806
 8164
 9559
 4224
 4608
 5437
 1458
 8896
 8388
 4553
 1317
 1738
 4247
 5747
 1083
 6510
  458
  993
 7403
    3
 9266
 1715
 2216
 8852
 8892
 5778
 4830
 8076
 8079
 6476
 6138
 3855
 1418
 6212
 7110
 2175
 9551
 4921
 3228
 1296
 8761
 7579
 7301
  888
 9909
 7143
 1453
 2813
 8782
  227
 3659
 1035
 9415
 4165
 6459
 8822
 9862
 7158
 2315
 7805
 8083
 9567
 9725
 7709
 4336
 2733
 8148
 4568
 2232
 9932
 3517
 4243
 2485
 8260
 7564
 1164
 8556
 2712
 2288
 3354
 8480
 9273
  216
 4542
 9757
  222
 8983
 6919
 4577
 8096
 6906
 6267
 4430
 8376
 1757
 4168
 1009
 8629
 9699
 7970
 7064
 5350
 3000
 8261
 8994
 9069
 5618
 5470
 1795
 3975
 2013
  533
 3558
 1255
 8627
 5058
 9201
 1049
 8714
 4296
 2696
 2053
 9953
 2172
 8999
 6179
 4549
 4075
 4783
 4233
 1958
 4676
 7628
 3782
 3423
 5258
   65
 2498
 7183
 8195
 7666
  271
 6345
 5434
 9946
 8685
 5185
 7533
 2652
 2391
 6279
 3623
 4120
 5700
 4381
 9033
 5251
 7047
 3398
 5597
 9226
 4835
  892
 8163
 8138
 8022
 2224
 2553
 8755
 2443
 2194
 3599
 9161
 7967
 1170
 2212
 9132
 4493
 2702
  820
 7515
 5093
 1717
 2573
 4799
 9163
 9314
 2858
 8517
 2820
 4721
 7589
 9769
 2264
 4541
 2915
 3737
 7622
 1730
 7665
 4823
 5303
 8337
 6561
 5947
 2564
 8997
 1547
 4465
   96
 2775
  267
 5427
 4623
  394
 5403
 7957
 5779
 2615
 2266
 7230
 7487
 3643
 3180
 8117
 9837
 1495
 1673
 8752
 4183
 5019
 6221
 4256
 1787
 5619
  153
 7152
   57
 4640
 6087
 7036
 3131
 1789
 7755
 4625
 4928
 8462
 6735
  815
  761
 3753
  792
 2631
  544
    5
 5089
 3955
 9882
 9927
 7251
 9778
  239
 2629
 3367
 8491
 4622
 1466
 6934
 4515
 1819
  115
 9016
 4876
 6255
 8362
 8495
  830
 1481
 2287
 8172
 2437
 4045
  211
 9207
 2723
 8908
 9424
  999
 1405
 7989
 2081
 9489
  337
 6511
 7073
  929
 7766
 8098
 8496
 5021
 2054
  790
 7984
  346
 7406
 8963
 5261
 3348
 6488
 9824
 4130
 8152
 9973
 9707
  707
 9503
 3304
 7181
 4353
  268
 4937
 1747
 8397
 9820
 3424
 3499
 7740
  166
 5847
 9983
 9022
 2947
 7890
 7511
 1676
 2408
 7100
 9082
 1244
 1287
 8992
 3691
 8527
 4502
 2070
 3178
  340
  887
 8407
 7384
 4282
 4867
 8930
 7000
 8285
 4235
 9411
 8564
 8532
 5735
 2246
  911
 7824
 2729
 7104
  725
 2219
 8289
 4850
 9609
  313
 1419
 3287
 9617
 8115
 4638
 4107
 4074
 8625
 3834
 8170
 4957
 5457
 7516
 3711
 6002
 3031
 2174
  161
 8756
 3293
 8490
 1532
 4455
   79
 5723
 6821
 4320
 2953
 4152
 9252
 6902
 3629
 1651
 2982
 3681
 5820
 7445
 3493
 3022
 9392
 8877
 2124
 8091
 9585
 6684
 8419
  305
 5322
 4015
 3555
 2450
 7879
 6886
 6119
  410
 3584
  621
 2944
 8526
 9566
 8446
 4855
 2141
 4748
  992
 3938
 3710
 7055
 5191
 3923
 5517
 4476
 6365
 2270
 9723
 2908
 5965
 9264
 5905
 1865
 3416
  310
 1260
 7976
 1337
 9466
 5443
 2818
 8580
 9754
  631
 1550
  171
 6407
 9561
 4525
 1859
 3982
 8405
 7551
 5352
 7884
  543
  356
 7281
 3939
 7236
 3491
 2263
 3948
 7889
 2871
 5704
 7129
 2420
  231
 8436
 2507
 7881
 2229
 3434
  236
 4140
 5715
 1568
 9047
 6756
 8947
 4866
 2549
  605
 9268
 7530
  212
 3113
 8435
 7173
 2961
 8735
 1770
 8147
 9867
 8605
 7317
 9056
 4611
 3514
 5909
 7950
 3508
 7210
 3463
 8347
 6570
 5014
 5680
 5154
 2182
  264
 5190
 2357
 1876
 3216
 8200
 5444
 8080
 3536
  826
 4162
 3647
 9690
 2415
 8788
 1999
 7072
 8215
 9444
 4870
 9798
 7610
 6177
 3498
 3403
 7379
 6302
 9873
 7751
 4806
 3695
 1735
  927
 1551
 5196
  328
 6280
 7034
 7091
 2776
 8693
 4418
 7685
 5677
 9463
 2097
 6771
 7913
 1002
 9368
 5688
 3444
 9696
 2863
 2139
 3172
 6662
 1444
 8043
 1202
 9111
 7313
  697
 8236
 9770
  522
 7724
 5539
 9740
 9587
 4920
 2058
 2845
  380
  319
 5272
 4386
 8038
 1514
 7399
 3903
 1885
 2478
 9532
 3461
 5312
 1862
 2355
 3718
 2030
 6729
 5578
 1607
 1003
 1460
 2459
 2542
 3052
 7380
 6968
 5973
 9140
 4858
 1380
 3568
 2088
  637
 2705
 5776
 5692
 1325
 6941
 7245
 6726
  390
  197
 3779
 1662
 4411
 9726
 8825
 8550
  224
 2653
 2161
 4982
 6899
 2690
 9283
 9522
 2854
 6907
 9667
 1069
 4473
 8886
 7257
 3571
 1105
 7008
  609
 1649
 2396
 5823
 2783
 4949
 6519
  409
 5978
 7440
 5975
 3944
 8676
 9425
 1396
 8035
 6686
 4368
 1256
  189
 7074
 5341
 7532
 9301
 2669
 3387
 8808
 8998
 4780
  593
 1385
 2026
 1402
 2447
 8273
 2211
 2290
 3363
 7174
 9554
 5594
 8216
 2217
 3183
 5659
 3654
 9435
 4977
 5593
 7509
 3369
 6987
 9975
 6704
 6978
 2463
 7570
 5624
 4222
 6454
 2879
 6298
 2005
 2523
 2917
 5123
 3013
 5472
 3868
 2706
  136
 5479
   81
 7857
 7495
 5387
 4557
  519
 3979
 2904
  120
 7837
 9868
 1040
 2402
 8819
 6121
 9629
 9365
  679
 7075
 3214
 7813
 2069
 6237
 6264
 8380
 1924
 1123
  704
 7752
 1427
 5042
 5856
 2948
 3227
  478
 8383
 3754
 2245
  277
  840
 1223
 2555
 7374
 5161
  512
 8933
 4446
 6639
 9125
 6576
 7180
 5755
 6524
 3870
 4857
 9167
 6777
 4477
 8853
 1947
 6278
 5949
 4891
  135
 6544
 3929
 1468
 1341
 8061
 3148
 5516
 4362
 7311
 6061
 2614
 6699
 3071
 6985
 6747
 8460
 8361
 1091
 8084
 5464
 3155
 9729
 9877
 1577
 9238
 6269
 3414
 7060
 6552
 2482
 6674
 5813
 6373
 6670
  841
 5741
 5696
 2375
 8694
 2153
 2519
 1646
 1032
 7745
 6952
 5243
 7221
  469
  963
 8650
 2364
 3292
 5172
 8844
 8400
 9015
 3275
  983
 8634
 4398
  436
 3371
 7395
 1603
 1565
 4064
  276
 2798
 6294
 4154
 9247
 3843
 8705
 6098
 3038
 8309
 5681
 9849
 8536
 4878
 7029
 7131
 6316
 5561
 4191
  194
 2888
 2709
  720
 4738
 8814
 7580
 6082
 6178
 4365
 6004
 9248
 8024
 8282
 1889
  493
 1963
  970
 2624
 1169
 7163
 3333
 6096
  209
 7222
 3719
 3918
  525
 1558
  506
 6529
 4179
 8350
 3980
 4832
 7142
 3007
 2397
 5745
  664
 8534
 4166
 1132
 8613
 4887
 6914
 1184
 7591
  242
 9149
 4337
   88
 6130
 4288
 7494
 1723
 2497
 9677
 3637
 6168
 9105
 8109
 8805
  199
 6671
 5052
 7291
 1962
 4494
 2897
 6126
 4348
  773
 5447
 6709
 7417
 1006
 1012
 6838
  117
 6651
 6386
 7490
 3709
 8474
 6384
 8941
 1530
 3650
 3111
 7726
 9858
 6474
 9452
  809
 5065
 1176
 2481
 4237
  681
 6797
 1901
 3671
 7696
 5807
 6358
 1374
 1391
 4690
 5367
 2049
 5786
 1775
 9038
 3044
 8194
 6331
 1843
 3207
 3372
 2920
 5386
 5151
 2612
 1340
 9540
 7621
 3181
 1748
 5176
 7150
 2283
 4976
 3757
 2444
 6562
 5079
 3969
 6977
 8633
 7305
 3887
 1668
 7791
 2774
 1231
 1150
 3524
 1190
 9810
 2817
 8776
 8001
 8668
  633
 9521
  309
  930
 1140
 2394
 9759
 8533
  780
 3449
 7510
 4730
 1379
 2366
 4331
 8700
 2937
 4005
 6256
  864
 4924
 4218
 8860
 6128
 9291
 2127
 7677
 8658
 5890
 7607
 5661
 3804
 9422
 1605
  411
 3278
 3485
 9098
  578
 6866
  765
 3680
 9614
 6414
 5321
 4979
 2873
 9164
  842
  285
 8540
 8274
  143
 4145
  967
 8398
 2426
 4216
 7111
  226
 2169
 4181
 3909
 2173
 3446
 2664
 9412
 3104
   49
 7826
 9490
 7733
 9205
 5214
 3539
 3687
 2320
 7315
 6859
 2128
 8665
 6430
 2066
 4006
 7369
 7544
 8094
 4146
 8828
  349
 1440
 2898
 4099
 7429
  722
 2617
 2644
 5490
  756
 3122
 2739
 4503
 3245
 5988
 7781
 4871
 7208
 1026
  825
 8859
 5173
 6852
 7662
 6710
 2792
 7261
 7902
 9258
 4925
 2057
  398
 3937
 7870
 5225
 7426
 7444
 4081
 2518
 4727
  273
 5804
 4719
 3729
 9622
 4714
 9792
 3060
 7931
 1498
 6150
 6853
 5148
 4660
 3078
 1258
 3289
 1755
  406
 4786
 8092
 9420
 3330
 4444
 1124
 9095
 3513
 6367
 7980
 3697
 6593
 6445
 6416
  915
 7776
 3503
  332
 6011
 9874
 1228
 6094
 1096
 8296
 4109
 3790
 8731
 2556
 4952
 7028
 9933
 5051
  450
 5334
 7593
   37
  186
 8442
 1909
 2328
 3613
 7108
 5943
 9239
  634
 2637
 4630
 5596
  643
 9423
 5849
 6051
 4241
 5515
 6220
 5166
 3672
 3841
  754
  158
 5919
 8879
 6318
 8454
 9080
 4291
  164
 1570
 4307
 6226
 1823
 7961
 3222
 4669
 8348
 6551
 3660
 1355
 2686
 3427
 3295
 5064
  553
 2060
 2582
 6439
 4817
 5149
 7938
 3573
 7066
 5526
 6702
 7619
 1545
 6564
 3635
 4981
 3141
 7676
  611
 2539
 5805
 2362
 7252
 4087
 4125
 5140
 2251
 2761
 7244
 7904
 4897
 9708
  902
 7432
 5319
 1446
 4483
 1128
 6701
 3229
 9112
 5152
  770
 3026
 9446
 3470
 4802
 3901
 4231
  459
 1029
 3781
 6362
 6114
 5478
 9611
 3504
 5535
 1121
  581
 2945
 5431
 6020
 7457
  422
 3900
 4510
 4514
  732
 2554
 1556
  683
 1898
 4838
 6103
 1277
 1524
 2990
 3921
 9278
 5811
  602
 5724
 9041
 1095
 9993
 5646
 6092
  125
 3397
 9355
  953
 7058
 3408
 7396
 7329
 8800
 6080
 8266
 9178
 7962
 6405
 3186
 3866
 8479
 4297
 3769
 8902
 5726
 6647
 5411
 7744
 5335
 6285
 7952
 3459
 7541
 4511
 3515
  179
 2166
 5442
 9570
 1988
 4740
 2524
 8945
 4528
 2438
 3675
 2809
 9828
 4393
 3507
 6068
 1537
 7390
 3233
 9936
 3280
 6823
 5573
 1414
 3375
 4680
 8232
 1548
 6558
 2326
 4448
 7199
 1951
 9750
 6008
 4240
 9603
 3965
 3244
 5963
 3072
 6023
 5263
 1820
 1642
 1516
 7067
 4052
 7506
 9174
 6161
 3291
 6129
 2065
 2725
 8319
 5344
 1956
 6633
 7959
  443
 5995
 3286
 4401
 5420
 6667
 7328
 1908
 7260
 1365
 1162
 1521
 6093
 9753
 2255
 1987
 2595
 2350
 1942
 2691
 5887
 8792
 8897
 7266
 6863
 5541
 3337
 4861
 5476
 5466
 6929
 2666
 6871
  341
 2363
 2214
 9280
 9697
 6436
 9571
 6604
 3166
 3213
 6184
 3024
 6075
 5212
 8048
 5189
  832
 3036
 3164
 6532
 6786
 3594
 1912
 4486
 7503
  831
 5828
    7
 3466
  168
 7588
 3033
 5160
 5848
 9635
 5795
 3097
 6745
 7137
 8641
 8504
 4317
 4334
 3739
 6877
 1504
 4301
 5186
 2149
  405
 8673
 5672
   82
  205
 6456
 4617
 9246
 2428
 1618
 2728
 3748
  528
 4614
  407
 1299
 9396
 4457
  650
  217
 1343
 3357
  626
  890
 8264
 8600
 4532
 8669
 4232
 3272
 9191
 4679
 9046
 7256
 8513
 6542
 7739
 4228
 3440
 2354
  682
 3481
 1071
 8010
 8247
 5830
 6397
 3377
 1586
   83
 7316
 8740
 2262
 5405
 2679
 2329
 5327
 1450
 3860
  893
 5793
 4134
 2512
 6174
  102
  941
 5137
 8209
 2851
 8893
  660
   11
 8335
 4105
 6652
 3593
 1567
 5932
 9843
 2493
 8430
 8660
 4816
 9391
 9563
 6496
 3653
 7358
 9458
 4495
 8562
 2465
 1469
 6554
 9818
 3364
 5697
 7886
 1667
 5153
 8230
 2331
 5942
 3370
 6632
 4731
 2703
 5895
 4478
 5222
 7194
 3045
 1429
 8053
 9325
  261
 7880
 7524
 9282
 7722
 4645
  351
 6304
 7109
  922
 8395
 8557
 3907
 6948
 3692
 3338
 3679
  454
 8275
 6247
 4122
  133
 1241
 4039
 9572
 1475
 1339
 3299
 8297
 4804
 6486
 4108
 3303
 3668
 9476
 4213
 3124
 3875
 6259
 8675
  844
 4080
 5061
 2529
 4994
 1163
 7617
 6817
 1978
 9330
 8402
 4674
 8095
 9834
 9066
 1624
 2379
 3301
 6600
 8767
 1713
 5301
 6614
 9034
 5252
  950
 4990
 2023
  497
 1367
 6357
 6548
 8156
 1081
 8775
 3770
 1187
   38
 1857
 9923
 8328
 7829
 4046
 2506
 6849
 2586
 5867
 5846
 8169
 6435
 4139
 5340
 3932
 8654
 9982
 1660
 9829
 6969
 5671
 9145
 9059
 5323
 1463
 8579
 6599
 1515
 1159
 8370
 8956
 2252
 1825
 9162
 8313
 9912
 3079
 4761
 1709
  734
 6996
 5945
 7202
 2075
 5540
 7458
 2102
 3962
 6784
 4456
 8356
 9786
 6347
 1984
 6705
 7901
 5126
 3479
 9530
 6313
 6660
 1154
 4169
 5970
 4063
 8346
 2085
 6438
 1591
 2857
 5239
 2100
 4155
 8072
 2844
 9557
  383
 4725
 2996
 6350
 2581
  521
  335
 6636
 4695
 7815
 5242
 1350
 2382
 6577
 9146
 6655
 7356
 1844
 1608
 8653
 2083
 5841
 9925
 3456
 8110
  299
 7394
 2730
 6343
   89
 2971
 9180
 4225
 2385
 6070
 7290
 2646
 4271
 8063
 9620
 1182
 4324
 9100
 8060
 2250
 9386
 5614
  729
 4303
 3616
 9357
 6326
 3550
 4470
 8596
 3820
  819
 9832
 9978
  966
 8025
 8759
 2276
 5706
 8292
 8105
 1681
 8565
 5082
 7071
 1832
 8790
 6021
 8069
 2762
 2025
 5792
 8411
 9091
 7415
  657
  843
 1236
 6806
 3099
 4711
 1240
 4433
 3632
 7577
 1142
 9237
 7153
 6009
 8857
 6513
  128
 9215
 5725
 1195
 1777
 4442
 3095
 8670
 4403
 9304
 4339
 8772
 5062
 9143
 8097
 3977
 2008
 7272
 2508
 1294
  561
 9547
 1210
 8831
 5060
 5968
 2627
 4517
 6152
 4538
 2489
 5418
 6874
 6512
 4429
 3527
 4480
 1915
 2189
 9072
 1005
 1590
 6790
 5231
 3495
 4194
  326
 5300
 4954
 8993
 6953
 3645
 9814
  507
 7561
 5589
  225
 9135
 1356
 5318
 6364
 1588
  989
 4707
 2589
 2299
  563
 7760
 3526
 1957
 3941
 5410
 2878
 7614
 9172
 5221
 9846
 8622
  763
 7205
 7276
 4766
 5898
 5040
 6194
 6925
 3967
  712
 9850
 7412
 9970
 7831
 4716
  198
 6183
 9678
 6749
 5274
 2156
 9815
 3411
 5925
 4268
 7876
 9002
 9109
 3531
 5866
 6355
 6523
 3212
  798
  359
 6732
  587
 5728
 1546
 5831
 7729
  797
 7861
 6006
 3465
 2655
 9241
 9766
  727
 4466
 5845
 9373
  845
 6897
 2206
 9305
 6504
 5873
 9200
 3114
 3787
 6110
 3263
 6421
 8144
 5023
 8487
 1483
 2846
 7928
 3160
 9286
  885
 1686
 7847
 3300
 1643
 9045
 8426
 8643
 3773
 4159
 6644
 1075
 6332
 2839
 9967
 3489
 5430
 2700
 8040
 5788
  880
 2230
   60
 8299
 6019
  532
 8726
 2040
 4294
 7119
 6227
 9653
 8687
 6730
 1473
 6922
 1433
 8598
 3935
  853
 3745
 8455
 9356
 9394
 8784
  474
 2781
 7687
 5067
 8151
 4642
 4053
 7585
 2530
 5529
   77
 4712
 6621
 5918
  393
 2118
 9938
 3894
 6317
 5907
 4461
 5816
 3308
 7405
 8925
 4873
 3788
 7450
 2847
 7383
  438
 7339
 1645
  378
 6903
 4776
 1815
 8940
 5547
 1587
 5440
 5555
 5796
 4062
 9724
  320
  330
 5781
 3191
 6311
 1664
 4051
 5286
 6215
 7155
 3951
 7223
 3037
 5144
  753
 2647
 7238
 6295
 3950
 2734
 8088
 3027
 3726
 1042
 8339
 2911
 4582
  549
 1830
 5309
 1198
 3351
 7778
 9054
 5719
 2969
 7798
 1438
 8441
 5668
 6563
 9994
 8595
 3267
 2427
 9372
 7063
 5647
 4149
 2757
 7481
 5483
 7233
 2319
 2579
 9471
 9343
  590
 1168
 2046
 3277
 5077
 6275
 8903
 1388
 2243
 5359
  998
 9419
 7947
 4763
 4651
  233
 7348
 8217
 6598
 7505
  866
 2171
 4818
  218
 4273
 4599
 9113
 1326
 6534
 3396
   32
 2536
  505
 5295
 9779
 1494
 1688
 8318
 6572
 7086
  567
 9055
 1854
 4496
 2111
 1477
 9457
 8920
 2925
 1858
 3542
  353
 5743
 6583
 1072
 9804
  708
 8907
 2494
 2578
 9881
 7885
 1756
 2893
 5223
 3690
 3766
 6970
 9384
 5713
 9799
 9104
 7965
 3614
  274
 9637
 4205
 4164
 8458
 8978
 2183
 5710
 4283
 2150
 6778
 8111
 7921
 3225
 5924
 4900
 2411
 2190
 4313
 2868
 8331
 7489
 8591
 9916
 1397
 8184
 1602
 4561
 9499
 9671
 7873
 8570
 1346
 1888
 2585
 8960
 5337
 1126
 5226
 4926
 8119
 6390
 9838
 8229
 2899
 9199
 9516
 5627
 1085
 9309
 4879
 1044
 7198
 7946
 8466
 5112
 7185
 9886
 2104
 4768
 9031
 9919
  457
 6994
  386
 5080
  739
 9381
 5208
 2941
 8774
 8011
 7574
 3885
 2129
 5673
 1245
 5237
 3234
 5311
 6041
 5946
 2910
 3585
 4592
 2936
 5889
 2983
 5892
 5767
 6338
 7834
 6568
 6630
 5453
 2522
  453
 9153
 6719
 3657
 1684
 8294
 2993
 7226
 8489
 7951
 9556
 2332
   61
 2470
 9097
 5842
 2559
 6287
 8875
 5900
 1598
 9404
  613
 8358
 9630
 1478
 6319
 7647
  585
  295
 6139
 2101
 7196
 5605
   35
 1665
 4017
 8958
 4862
 6265
 4975
 2201
 5698
 8271
 3934
 7157
 2832
 5871
 7471
 3993
 2257
 6470
 8717
 2378
 7076
 5904
 7636
 3342
 6296
  363
 1961
 6659
 8302
 3858
 4916
 4587
 6422
  897
 8583
 4984
 8128
 7190
 4384
 8530
 7334
 3667
 9481
 3442
 3347
 4058
 5818
 8601
 1024
 1338
 2377
 7571
 8878
 9217
 9099
 6557
 2094
  974
 8602
 5375
 6742
 8082
 1284
 1120
 6000
 5711
 7605
 2608
  181
 8182
 5127
 8889
 6976
 8898
  375
 6471
   80
 3019
   47
 4040
 3262
 5829
  698
 1682
 2207
 1030
 1840
 5896
 2003
 9005
 1801
 5852
 6502
 2533
  913
 5674
 7130
 3721
 4308
 8834
 1887
 4083
 1616
 7120
 8202
 2855
 9893
 1023
 9693
  254
 7893
 9308
 3197
 3676
 8547
 5219
  538
 6241
 5486
 8855
 2486
 1604
 2884
 6428
 6122
 8874
 7204
  588
 1974
 1846
 8543
 5599
 6842
 7493
 5662
 6204
 6673
 6963
 8162
 6188
 2351
 7388
 1033
 6412
 5471
 6967
 9335
 3075
 1088
 9718
 7768
 9939
 7556
 8524
 8143
 4310
  961
 2603
 4560
 7645
 9573
 2286
 5655
 7887
 3566
 5306
 2380
 8272
 2758
 7419
  124
 4115
 6612
  747
 2838
 4298
   40
 2126
 6216
 5494
   15
 3774
 4044
 2267
 2504
 9042
 5073
 5288
 7420
 1526
 2419
 6556
 3682
  132
  479
  979
 1426
 7735
 8320
 9855
 7501
  483
 4279
 9166
 3381
  997
 7338
 2651
 9568
 7552
 9139
 3700
 9989
 4521
  381
 4903
 4160
 4951
 9204
 6861
 9289
 1714
  502
  127
 1383
 9687
 1084
 8979
 7627
 4261
 6042
 3648
 9790
 6100
 2656
  142
 7865
 2316
 7992
 7107
 3708
 1364
 7874
 1057
 1992
  175
 9001
 7146
 3482
 8473
 1712
 4586
  851
 3601
 2887
 8342
 8981
 5032
  562
 2550
 8220
 9003
 2778
 8815
 3716
 4018
 7817
 6613
 3230
 3259
 6497
 2279
 1110
 4259
 7263
 9313
 7037
 7565
 4463
 5477
 4065
 7096
 4778
 2404
 4449
 7728
 9450
  607
 1474
 8917
 3192
 8499
 4746
 3143
 6541
 2050
 9477
 7681
 3947
 7783
 6685
 2748
 7351
 6923
 9300
 4919
 6596
 2965
  428
 8461
 3023
 4505
 5827
 6954
 4276
 7151
 4781
 5092
 4648
 4620
 6810
 3561
 2395
 6998
 4389
 9251
 8081
 3992
 9366
 9148
 3973
 9812
 9980
 5808
 7216
 1199
 6845
 7136
  680
 4016
 2560
 2146
 7932
 8268
 7393
 1632
 7427
 9662
 7476
 1130
 3665
 7324
 5454
 1874
 2372
 8322
 4826
 1972
 5643
 5002
 8671
 1965
 8131
  654
 8243
 9811
 3298
 3066
 4907
 7350
 6134
 5575
 6385
 1456
 3805
 8465
 7372
 2661
 2916
 5378
 9562
 3094
 4117
 2077
 9949
 2105
 4388
 1879
 8586
 8679
 1559
 5463
 2877
 3896
 1837
 3910
 2906
  289
 5491
 1435
 3912
 5380
 1922
 8057
 7832
 4333
 6766
 4720
 7162
 8603
 4215
 4347
 5993
 9093
 6955
 9736
 7518
 9892
 9840
 6475
 6411
 4912
 3851
 9018
 6349
 5962
 8885
 1629
 3612
 8538
 4278
 6224
 4566
 9186
 6641
  735
 9747
 2119
 4813
 7026
 5765
 6072
 9349
 6846
 4186
 2014
 2799
 3793
 1923
 7165
 2732
  219
 6912
 2151
  109
 5977
 4662
 6723
 6890
 7650
 9607
 9527
 9259
 5974
 8014
 4329
 1986
  402
 5117
 7002
 7175
 2360
  193
 7911
 7240
 2348
 9744
 3474
 5264
 6893
 2341
 4527
 1188
 3899
 2467
 6546
 6668
 2972
 2676
 8360
 3662
 2736
 1185
 7720
 9897
 4315
 8934
 2089
 7825
 1100
 3722
  965
 2567
 7105
 3406
 3217
 4596
  116
 3806
 8577
   29
  923
 6395
 8777
  317
 6443
 8021
 8519
  382
  174
 3694
 7099
 3317
 3991
 8225
 3985
 1432
 5449
 3698
 8136
 1220
 2203
 8713
 6164
 1557
 4785
 8425
 2305
 5650
 7823
 6683
 9144
 1765
 8894
 1028
 9851
 3152
 2907
 5532
 2020
  715
 3552
 7287
 4985
  833
 7370
 3468
 3879
 9801
 6495
  730
 2635
  510
 9626
  758
 7265
  480
 9598
 6413
 6229
 2628
 4933
  298
 6261
 5236
 4127
 8905
 7658
 2191
 4551
 5912
 2260
  539
 3876
 1578
 9921
 9249
 9299
 2889
 1409
 5920
 1799
 9101
 8191
 6012
 8410
 5851
 3972
 4309
 9014
 6628
 2794
 5891
 7009
 7683
 7386
 3243
 2583
 7689
 6854
 1807
 8706
  975
 4911
 6920
 8338
 1954
 2535
 6320
 5910
 4540
 7907
  284
 5582
 7737
 7646
 3418
 1372
 7404
 6091
 5972
 5657
 7243
 3751
 8801
 6650
  986
 1533
 7184
 1062
 3176
 3522
 8618
 6783
 6193
 4644
 3081
  263
 5654
 8968
  940
 3157
 8329
 8373
 6721
 2442
 2358
 5897
 6794
 1252
  517
 6999
 8485
 9860
 1443
 1525
 6515
 1593
 3597
 7309
 9548
 4209
 5265
  545
 4024
 3134
 3409
 1211
 7534
 3336
 8890
 8684
 1982
 8007
 6947
 8911
 5255
 7462
 5416
 8068
 4767
 2454
 3231
  594
 8414
  584
 3412
 4939
 9756
 3203
 5687
 6403
  293
  156
 7193
 4202
 2213
 8841
 1191
 2496
 7531
 2180
 7168
 1678
  988
 2338
 2068
 2321
  909
  535
 7997
 7332
 7908
 9328
    4
 1669
 8976
 1404
 9538
  812
 2205
 2076
  910
 4888
 9533
 5104
 9996
 9329
 8690
 6909
  296
  799
 9413
 4558
 3447
 5401
 4265
 7616
  678
 4713
 4003
 3433
 1101
 3789
 2931
 1796
 6962
  172
 2038
 6988
 5653
 5980
 3016
 3194
 4945
  439
 6170
 8672
 7787
 9689
 4019
  690
 3636
 8029
 6724
 2654
 9020
 3050
 8071
 6769
 8365
  827
  980
 6399
 5586
 7615
 9773
 2633
 5990
 5459
 7587
  795
 9995
 3226
 4330
 7360
 1476
 2636
 7472
   67
 4002
 9110
 1167
 6597
 1946
 8915
 7871
 1206
 5525
 4100
 8255
 9899
  187
 8052
 1856
 7701
 8392
 4595
 3059
 8374
 2176
 5388
 3323
 2280
 7555
 1641
 3893
 2731
 9271
 4173
 1544
 4426
 8858
 6935
 8829
 3940
 1447
 4118
 6588
 3477
 7563
 9417
 6595
 7139
 3236
 3617
 6830
  159
  835
 7326
 4000
 5496
 4628
  869
 4415
 8712
 5629
 7297
 4284
 1467
 8678
 3401
 6346
   86
 9619
  957
 6915
 3970
 6446
 2528
 4824
 8308
 2143
 8344
 7602
 4798
 6284
 2132
 2168
 1828
 4488
 4996
 2154
 9406
   94
 9508
 2110
  670
 6406
  726
 2571
 8648
 2821
 4764
 4255
 9285
 9950
 7283
 6986
 4978
 5113
 5557
  247
 7712
 6571
 3092
 4408
 3110
 8206
 3908
 3029
 6755
 7903
 1103
 5200
 7799
 6441
 9393
 7294
 4987
 3486
  140
  155
 9353
 7354
  163
 1078
 7765
 1309
 5875
 8935
 4116
 9865
 8304
  460
  574
 8970
 6063
 4831
 6946
 9782
 5022
 7132
 5821
 5348
 9058
 1959
 5398
 9582
 9660
 1694
 5567
  612
 8287
 9542
 4199
 7280
 9651
 7862
 3088
 3362
 7674
 4394
 8226
 6078
 4260
 8064
 9011
 3297
 3588
  130
 7670
  724
 1166
  149
  616
 2272
 4208
 9478
 9323
 1583
 8301
 9377
 3209
 3583
 5938
 7118
 8089
 4438
 8231
 5207
 2763
 4555
 5666
  905
 2630
 1226
 6843
  882
 9670
 3084
 8531
 5256
 5703
 1462
 6981
  978
 8747
 2698
 7089
 9154
 4998
 3484
 9605
 1345
  138
 2405
 5235
 2812
 5633
 8551
 9427
 2471
 7749
  891
 8316
 5814
 1496
 4854
  775
 7342
 4626
 9655
 6036
 4969
 4590
   56
 2258
 3609
 9197
 9351
 5056
 6034
  482
 6643
 9116
 6086
 8472
 2914
 6819
 8463
 3328
 5695
 4382
 9193
 7452
 9008
 3798
 7016
 2833
  377
 2987
 7850
 7335
 5521
 3974
 3917
 7084
 7934
 6575
 6263
 3983
 9429
 3946
 5139
 7488
 3808
 3688
 3322
 9954
 1336
 9460
 4726
 4412
 7608
 6372
 4010
 6516
 3530
 6157
 7841
 4035
 7438
 1275
 5045
 6692
 4908
 2067
  213
 4027
 1457
 5451
 4453
 3546
 7812
 3056
 7638
  348
 6137
 9976
 4340
 4406
 3859
 8415
 1262
 5760
 9025
 5660
 3704
 9594
 2623
 5183
 3580
 5874
 3189
 6272
 1276
 6064
 8492
 4700
 5298
 8323
  540
 5862
 8766
 2808
 5315
 2002
 9331
 8722
 5510
 2461
 9836
 7500
 4845
 5245
 1509
 5001
 6657
 7054
 5342
 4239
 5579
 4884
   64
 6835
 5717
  499
 8307
 4354
 2607
 8950
 1046
 8448
 5267
 3931
 3256
 7387
 2469
 5761
 4742
 5634
 3589
 2061
  693
 2918
 2708
 5114
 4434
 2984
 8108
 8508
 4842
 6722
 7764
   34
 7160
  160
 1060
 8051
 4729
 4440
 9382
 2492
 1051
 3987
 4054
 9142
 6282
 5057
  529
 5119
 3028
  434
 5864
 3693
 4097
 5124
   84
   12
 7059
 7808
 1827
 8118
 6883
 3796
 7213
 9128
  854
 5103
 9634
 7955
 8626
 2007
 5649
 2634
 4285
  147
 3655
 2215
 5071
  783
 3344
 8056
 4663
 5837
 7293
 1013
 5354
 8204
 9656
 4316
 6040
  647
 6648
 7703
 4864
 6533
 2253
 1376
 9000
 8512
 6077
 4061
 6888
 6803
 6949
  334
 7217
 4993
 4089
 2894
   97
 1219
 7114
 2487
  131
 8382
 8516
 6800
 7318
 7611
 4379
 5960
 5505
 3219
 9473
  471
 6207
 4028
 6381
   53
 1173
 9214
 2926
 2167
 4423
 3325
 4544
 8507
 6791
 3685
 2333
 7015
  994
 8746
 2234
 8942
 1461
 7441
 3494
 2455
 8074
 5396
  524
 7668
 8810
 6951
 9043
 5128
 1994
 3755
 2946
 8018
  514
  618
 8709
 6039
 8946
 1966
 1351
  924
 5456
 7559
 4136
 1216
 1855
 8447
 4001
 6759
  981
 1804
 6882
  487
 9712
 5035
  108
 2249
  936
 2294
 6687
 8145
  641
 1361
 5445
 4188
 1938
 4207
 5631
 6816
 7790
 9553
 5030
 8355
 1977
 2986
 2551
 4262
 9777
 9183
 2717
 9959
 9079
 3242
 2277
 2870
 8842
 6209
 4380
 9130
 6348
 4174
 3731
 7869
 9774
 8467
  437
   30
 4079
 2657
 3631
  484
 1064
  441
  370
  973
 7087
 4960
 7258
 2872
 6895
 3578
 2202
 4849
 4657
 4950
 7814
 4910
 5438
 5908
  321
 4187
 8680
 8386
 8369
 9969
 8718
 8899
 3040
 2577
 3042
 4965
 8763
 9628
 7924
 4158
 9852
  801
 9956
 4918
 6211
 4789
  736
   10
 9254
 2901
 3763
 3811
 6258
 4770
 4206
  884
 1025
 3669
 4667
 5277
 1079
 7422
 7792
 3130
  534
 3450
 5346
 1445
 6102
 4254
  759
 6097
  178
 9024
 3087
 7044
 2768
 5538
  191
 2526
 3121
 2425
 3064
 5485
 3420
 9206
 1683
 4988
 3581
 3490
 3750
 6508
 3945
 2967
  868
 5010
 6324
 3129
 6380
  345
 2453
 1834
  822
 2569
 4372
 2147
 1746
 1293
 4615
 6802
  413
 1353
 9984
 1895
 4661
  849
 1451
  673
 9292
 3210
 7851
 6392
 6717
 1362
 8585
 3373
 4132
 3237
 6665
 8555
 8042
 3569
 4200
 2754
 3220
 2106
 8077
  250
 9974
 7827
 4677
 7675
  208
 8412
 9842
  336
 8817
 8399
  666
 7568
 9456
 7522
 3567
 6980
 1001
 4980
 5733
 5623
 9115
 5377
 8901
 4352
 3171
 1890
  566
 7909
 3845
 6586
 6081
 1259
 2714
 8493
 8881
 1930
  955
 7285
 1983
 9439
 7794
 9211
 3707
 8234
 8619
 7161
 4009
 1562
 4176
 2543
 8377
 8023
 9103
 2619
 1589
 7373
 7461
 8953
 4914
  111
 2403
 3890
 2440
 6433
 4342
 9117
 7039
 5570
 5840
 2735
 7442
 5930
 3107
 5879
 1492
 4114
 8345
 6426
 3898
 4305
 9942
 9029
 4519
 8835
  767
 3327
 8222
  976
 4129
 1487
 9129
 3284
 3426
 5610
 5241
 8041
 2177
 8833
 5548
 7321
 1486
 5574
 4472
 1776
 6246
 3590
 7448
 8305
 5330
 8142
 4522
 2921
 6396
 3422
 6995
 2422
 3205
 6377
 6725
 4258
  365
 9075
 9809
 6609
  400
 1039
 7624
 7525
 9465
 4652
 4351
  863
 3604
 9555
 9586
  949
 1413
 9073
 2458
 1301
 3149
 7695
 1041
 2012
 8554
 5772
 4915
 5927
 5074
 6303
  367
 8783
 7982
 6001
 2610
 2210
 9243
  772
 9078
 6581
 3638
 2052
 3814
 1935
 7447
 3309
 8180
 2822
 6163
 7667
 4020
 9244
  782
 1689
  627
 1349
 9449
 2095
 1812
 2869
 7807
 7218
 2099
 6210
 7800
 9990
 6592
   18
 3053
 7187
 7569
 3768
 8439
 1233
 4098
 8311
 8708
 5604
 1610
 1034
 9036
 1903
 5736
 2683
 5328
 1266
 1449
 9311
 9608
 6591
 1564
 7454
 3288
 1768
 4653
 9593
 1382
  223
 7846
 3998
 5450
 5992
 9240
 4941
 4178
 6772
 9700
  297
 5544
 8253
 3010
 8578
 8710
 4745
 4163
 8661
 6464
 2928
 9086
 4589
 6590
 8391
 8451
 2772
 5171
 3471
 7939
 2041
 4964
  270
 8135
 8614
 8366
 8701
 2660
 9261
 6818
 1366
 8349
 2513
 9479
 5501
 4409
   95
 4744
 2938
 6153
 4059
 8523
 6293
 5199
  176
  281
  315
 8239
 9443
 7186
 6799
 7855
 8529
 8341
 3435
 8078
  515
 1017
 2997
 8421
 3928
 7018
 6900
 5194
  530
 5553
 8277
 5320
  750
 4312
 6530
 4607
 4815
 5216
 3083
 7467
 8948
 5625
 6697
 6865
 3428
 7019
 7956
 2433
 8085
  793
 1098
 2563
 5966
 7632
 8876
 9504
 7081
 4882
  113
 3009
 5107
 5489
 6917
 3630
 6832
  202
 1805
 5098
 2347
  914
 9904
 7083
 6910
 2235
 1542
 4851
 2367
 2811
 8574
 5029
 4141
 8155
 9669
 4485
 6457
 7057
 4425
 7093
 5155
 4691
 5998
 8049
 6409
 3537
 3179
 5812
 8862
 8203
 1055
 6839
 7340
 6666
  766
 4938
 5611
 9972
 6837
 5368
 7359
 3738
   19
 5385
 5145
 7519
 3813
 3080
 1728
 4131
 3168
 2352
 3548
 4413
 3378
 4013
 1904
 7045
 9878
 2009
 8681
 5276
 6116
 6031
 5055
 4326
 1555
 5468
 6960
 4292
 7020
 7134
 9242
  384
 8846
 2787
 9310
 1614
 5015
 1441
  807
 9339
 4182
 1897
 7711
 8758
 5556
 8991
 9385
 9758
 5096
 4953
 3343
 2059
 1097
 6017
  286
 9520
 4069
   78
 7750
 7512
 3125
 9232
 6764
 2574
 6822
 8743
 4572
 7844
 8015
  490
 3823
 5810
 1471
 4041
 6908
 5929
 5939
  699
 6892
 4775
 9592
 8749
 7757
 3235
 2228
 7866
 3760
 4999
 5803
 8059
 3706
 9512
 4811
 4750
 8087
 8514
  357
 8036
 6905
 1401
 7215
 9900
 1850
 3857
 9120
 6149
 5075
 6940
 1950
 4709
 3068
 2531
  134
 7079
 5423
 6680
 3622
 2048
 9028
 7888
  259
 6144
 2222
 6490
  573
 3061
 1580
 8612
 7310
 9227
 6360
 5481
 6939
 1886
 3756
 2491
 1773
 5951
 4974
 3747
 5034
 6266
 8125
 8086
 1485
 1322
 4637
 1493
  597
  796
 8906
 8099
 4647
  360
 7385
 1931
 4675
  494
 3021
 6878
 8571
 4792
  188
 4877
 9981
  456
 8324
 5580
 4143
 3891
 2312
 9940
 9409
 6277
  718
  954
 9682
 6274
 6773
 6927
 1368
 8238
 9341
 6493
 2418
 9483
 9751
 2924
 3842
 5753
 9433
  204
 1408
 7092
 4760
  907
 6825
 4769
 6521
 5409
 4703
 3784
    1
 1569
 7343
 1250
 1416
 3829
 2727
 4973
 3544
 1997
 9010
 6959
 1560
 3188
 5292
  990
 1090
 3154
 5331
 6352
  275
  414
 4717
 2737
 5777
  157
 4756
 2268
  368
 3467
 8371
 6376
 5428
 4904
 7436
 8197
 6780
 7410
  200
 3535
 4234
 9430
 1342
 4245
 3274
 4405
 6855
 1061
 2909
 2311
  700
 9297
 1386
 1572
 9494
 8728
 3959
 7135
 3743
  694
 2766
 1107
 7061
 4223
 4539
 6424
 9216
 4490
 8334
  373
  614
 4346
 3723
 7535
 2694
 2752
 3421
 8567
 1066
 5441
 9721
 6449
 7409
 7070
 1242
 4221
  251
 9371
 8732
 1312
 8443
 7547
 2605
  823
 2886
  206
 9709
 5742
 5632
 1295
 1750
 6108
 4612
 6808
 7898
 3844
 5028
 9470
   23
 1203
 1329
  709
 1334
 2853
 8962
 9189
 5686
 9875
 9472
 4084
  742
 1647
 3310
 1860
  331
 5782
 8937
 1204
 7710
 2671
 3742
 7784
  804
 5363
 7032
 8802
 3269
  287
 2943
 3905
 4797
 1794
 1118
 3001
 5174
 5598
  401
 8795
  964
 3966
 7771
 4299
 2932
 8262
 5131
 6035
  272
 4508
 4604
 2317
 4439
 5163
 5642
 1332
 7692
 2546
 9891
 1037
  412
 8856
 9401
 1390
 2039
 5461
 3529
 5554
 8704
 2687
  415
 4014
 7625
   98
  802
 7237
 5129
 8647
 8481
 6682
 8882
 2545
 2552
 8989
 6136
 8390
 4491
 2242
 7620
 8599
 2517
 9414
  421
 9583
 9076
 7583
 6467
 9714
 3986
 9722
 8730
 7262
 2675
 7323
 4547
 5033
 9181
 2744
 2788
 9602
 8456
  241
 3802
 7981
 2160
  151
 4666
 3296
 3390
  951
 5369
 9334
  658
 2598
 6099
 8139
 4450
 3077
  311
 9642
  701
 1305
 6761
 4086
 7499
 3004
 5839
 9879
 5523
 4699
 7606
 3610
 3705
  703
 8336
 8401
 7821
 7477
 3626
 4689
 1059
 6233
 5374
 2274
 8768
 5809
 7727
   50
 4771
 1691
 4546
 7734
 8904
 9694
 9510
 1584
 7068
 3391
 3936
 5591
 3156
 1881
 8883
 1596
 8762
 8803
 1552
 4591
 8150
 9138
 6514
 3199
 7713
 2572
 6027
 5906
 1826
 6538
 4543
 4575
 8865
  858
 6789
 6106
 2741
 6131
 7848
 9131
 3339
 2856
 4901
 4172
 6678
 4410
 3919
 8525
 5404
  240
 3882
 4889
 4110
 4564
 8807
 6458
 7575
 5343
 3185
 8913
 6018
 4227
 4137
 2999
  834
 4095
 7663
 3407
 4843
 3816
 4424
 1011
 9546
 5885
 8037
  511
 8936
  946
  925
 9945
 5826
 8500
 1080
 8955
  455
 7648
 2673
 6213
 1934
 6477
 3321
  806
 7062
 7014
 8394
 9771
 1779
 2639
 9831
  714
 5024
 1269
 6366
 3911
 8062
 2769
 8505
 9589
 2376
 6030
 3516
 5551
 9507
 1633
 1179
 5608
 6415
 8114
 2968
 3196
 8850
 7197
 9416
 3093
 3670
 3957
 6505
 5302
 6026
 6760
 6809
 6720
 8707
 3158
 3666
  642
 6781
 6154
 8013
 9748
 3963
 1780
 6484
 7557
 5981
  968
 3453
 7189
 3958
 6555
 2837
 5294
 1985
 3565
 7906
 8140
 2254
 3290
 5957
 5769
  190
 9257
 7303
 6234
 5996
 5004
 2692
 1522
 4161
 6522
  300
 6473
 7127
  465
 8233
 2472
 6447
 9484
 6961
 2933
  721
 6689
 4447
 3575
 3864
 3204
 6716
 5429
 5168
 2824
 7835
 7449
  228
 4500
 1393
 1960
 7738
 7094
 1841
 4605
 8278
 5081
 1465
 3800
 6775
 6856
 7542
  249
 3884
 7536
 4883
 9253
 5499
 2184
 7439
 4147
 5609
  245
 2919
 2975
 1020
 4629
 6751
 9265
 3108
  554
 4144
  350
 1229
 3924
 4886
 9703
 8067
 5648
    9
 5669
  652
 6180
 6727
 8965
 6076
 2374
  636
 6758
 5731
 9913
 7842
 1995
 1814
 5915
 6926
 5652
 6156
 4791
  237
 2170
  583
 1758
 6703
 4807
 4474
 1745
 4167
 1058
 9805
 6083
 4012
 8606
 2284
 7363
 1925
 7782
 5467
 8655
 5533
 2221
 1464
 6801
 4531
 7470
 1875
 9732
 6501
 4571
 6354
 2568
 3417
 8113
 7637
 2495
 1331
 2324
 2682
 9597
 8031
 9889
 5157
 1771
 3215
 9711
 7678
 4821
 8988
 4073
 2303
 4992
 8750
 2599
 4253
 9482
 4733
 3003
 9807
 4655
 3260
 1209
 9263
 2304
 7780
 8861
 3988
 6698
 5622
 1008
  608
 7732
  788
 5192
 5357
 7521
 1878
 3846
  103
   58
 8183
 1311
 4323
  152
 3775
 8154
 8166
 6487
 8987
 5260
 8484
 1147
  235
 4909
 1359
 1193
 3621
 3776
 6374
 3034
 8651
 3086
 3874
 3240
 3475
 5934
 9495
 4427
 5616
 1271
 9229
 5615
 6957
 3677
  516
 4416
 8418
 5571
 5118
 1038
 5355
 9951
  817
 7209
 6059
 4825
 8664
 7971
 4836
 6069
 8502
 1116
 9208
 8476
 4896
 4506
 9816
 8873
 1238
 1816
 3817
 6805
 7819
  818
 5349
 8269
 9151
 4197
 2784
 9800
 6638
 2721
  917
 3501
 1582
 3218
 4588
 6881
 6141
 5773
 1697
  874
 7576
 6796
 7590
 2789
 2466
 7138
 7758
 4812
 4552
 4468
 6924
 8244
  671
 6741
 1894
 8187
 6052
 2439
  461
 9641
 9405
 2749
  762
 9185
  628
 5527
 9947
 3261
 3926
 9496
 6427
 8796
  126
 7548
 1138
 7877
 4338
 1274
 1375
 5070
 7453
 4189
 1318
 3574
 2209
 9202
 8611
 1606
 5740
   25
 8840
 2006
 8482
 6342
 3281
 7465
 7796
 4092
  564
 3374
 1818
 9315
 4856
 5066
 3683
 6983
  122
 6300
 9342
 1111
 7364
 7526
 1315
 7336
 4047
 5744
 2343
 2952
 1421
 4656
 5465
 5366
 5552
   62
 4257
 6146
 3976
 5088
 1791
  687
 6167
 8798
 6827
 5339
 3384
 7700
 7497
  960
 6507
 1835
 2816
 6105
 9354
 5861
 2479
 9633
 5922
 7182
 5413
 2044
 3383
 3656
   72
  230
 9007
 2413
 8535
 5115
 8498
 5911
 8034
 2456
 1613
 4289
 7863
 3649
  579
 5952
 8228
 9052
 6485
 5667
 6658
 9908
 1740
 2864
 7623
 8438
  397
 2796
 9426
 4392
 1234
  292
 1592
  169
 1943
 1916
  598
 5281
 3432
 3658
  811
 7686
   33
 8198
 1511
 3198
 6066
 3801
   13
 2165
 4369
  857
 5018
 3715
 6625
 8039
 2642
 2828
 6165
 4961
 1268
  338
 6120
 7048
 7434
 9529
 5110
 8674
 9399
 9063
 6844
 9260
 9872
  112
 5967
 2387
 5228
 9685
 4004
 1087
 2386
 7418
 1707
 9350
 4264
 5195
 5146
 9944
 3063
 7896
 9177
 3881
 9488
 3206
 3282
 5246
 6049
 1439
 6351
 1845
 1310
 5546
 1742
 3861
 2123
 3119
 7795
 8270
 1670
 9188
 3836
  352
 1067
 5159
 1677
 4684
 4445
 3356
 6323
 6383
 9071
 6573
 6916
 1680
 2256
  696
 7430
 7653
 6335
 4124
 3058
